             0   1   1.155299025   1.334715837   1.541995906   1.781466366   2.058126356   2.377751373   2.747013843   3.173622415   3.666482882   4.235884099   4.89371277   5.653701592   6.531715937   7.546085054   8.717984706   10.07187923   11.63603226   13.44309672   15.53079654   17.9427141   20.7292001   23.94842467   27.66759167   31.96434169   36.92837279   42.66331308   49.28888401   56.94339964   65.78665409   76.00325733   87.8064891   101.4427513   117.1967116   135.3972467   156.4243071   180.7168495   208.782   241.2056411   278.664642   321.9409892   371.9381109   429.699737   496.4316872   573.5270442   662.595235   765.4956291   884.376354   1021.71914   1180.391126   1363.704717   1575.48673   1820.158283   2102.82709   2429.394087   2806.67662   3242.550763   3746.115735   4327.883856   5000   
1   0   0   0   0   0   0   0   0   0   0   0   0   0   0   0   0   0   0   0   0   0   0   0   0   0   0   0   0   0   0   0   0   0   0   0   0   0   0   0   0   0   0   0   0   0   0   0   0   0   0   0   0   0   0   0   0   0   0   0   0   0   
10   0   0.8221698736   0.8778145019   0.9368221116   0.9993445289   1.065534172   1.135543155   1.209522363   1.287620264   1.36998173   1.456746623   1.548048286   1.644011772   1.744752051   1.850371881   1.960959553   2.076586434   2.197304269   2.323142316   2.454104289   2.590165133   2.731267748   2.877319596   3.02818946   3.183704383   3.343647004   3.507753442   3.675712031   3.847163054   4.021699737   4.198870662   4.37818363   4.559111111   4.741097028   4.923564768   5.105926044   5.287590316   5.467974262   5.646510992   5.822658577   5.995907602   6.165787529   6.331871712   6.493781014   6.651186056   6.803808153   6.951419101   7.093839937   7.230938874   7.362628562   7.488862867   7.609633321   7.724965368   7.834914545   7.939562695   8.039014274   8.133392838   8.222837739   8.307501066   8.387544837   8.463138479   
10.49192232   0   0.8367371827   0.893472125   0.9536516492   1.01743368   1.084977195   1.156441353   1.23198461   1.311763562   1.395931811   1.48463859   1.578027297   1.676233769   1.77938453   1.887594708   2.000965818   2.11958334   2.243514042   2.372803129   2.50747117   2.647510826   2.792883495   2.943515761   3.099295945   3.260070728   3.425642077   3.595764586   3.770143573   3.948434043   4.130240841   4.315120175   4.502582617   4.692097764   4.883100391   5.074998059   5.267179831   5.459025849   5.649917248   5.839246085   6.026424796   6.210894844   6.392134262   6.569663865   6.743052034   6.911918029   7.075933876   7.234824932   7.388369278   7.536396107   7.678783296   7.815454336   7.946374818   8.071548607   8.191013869   8.304839053   8.413118929   8.515970776   8.613530747   8.705950485   8.793393989   8.87603477   
11.00804339   0   0.8512980886   0.9091228694   0.9704737982   1.035514898   1.104411704   1.177330418   1.254437066   1.335896374   1.421870675   1.512518577   1.607993542   1.708442201   1.814002654   1.924802429   2.040956308   2.162563948   2.289707238   2.422447462   2.560822236   2.704842211   2.854487653   3.00970479   3.170402179   3.336447076   3.507661997   3.68382159   3.864650124   4.049819739   4.238949752   4.431607293   4.627309358   4.825526588   5.025688644   5.227191221   5.429404427   5.631682308   5.833373026   6.03382935   6.232418949   6.428534071   6.621600276   6.811083898   6.996498084   7.1774073   7.353430296   7.524241615   7.689571751   7.849206142   8.002983161   8.150791321   8.292565872   8.428284983   8.557965649   8.681659494   8.799448549   8.911441141   9.017767935   9.118578206   9.21403636   9.304318748   
11.54955362   0   0.8658531849   0.9247673704   0.9872892395   1.053588916   1.123838484   1.198211191   1.276880631   1.36001966   1.447799343   1.540387669   1.637948166   1.740638273   1.848607679   1.961996336   2.08093233   2.205529551   2.33588508   2.4720764   2.614158329   2.762159734   2.916080069   3.075885642   3.241505848   3.412829328   3.589700222   3.77191463   3.959217556   4.151300484   4.347799893   4.548296977   4.752318745   4.959340819   5.168791912   5.380060078   5.59250055   5.805445011   6.018211823   6.2301169   6.440484687   6.6486588   6.854011892   7.055954406   7.253941924   7.447480978   7.636133236   7.819518092   7.997313762   8.169257018   8.335141754   8.494816575   8.648181626   8.795184855   8.935817875   9.070111625   9.198131926   9.319975083   9.435763606   9.545642129   9.64977357   9.748335587   
12.11770194   0   0.8804029969   0.9404062048   1.004098596   1.071656396   1.143258247   1.219084435   1.299316121   1.384134291   1.473718745   1.568246853   1.667892215   1.772823085   1.883200754   1.999177618   2.120895097   2.248481354   2.382048733   2.521691   2.667480314   2.819463945   2.977660801   3.142057641   3.31260521   3.489214231   3.671751403   3.86003551   4.053833882   4.252859365   4.456768075   4.665158251   4.877570369   5.09348893   5.312345918   5.533526155   5.756374407   5.980204174   6.204307759   6.427967308   6.650466301   6.871101012   7.089191449   7.304091362   7.515196958   7.721954099   7.923863827   8.120486197   8.311442458   8.496415702   8.675150157   8.847449303   9.013173061   9.172234228   9.324594399   9.470259526   9.609275304   9.741722517   9.867712436   9.987382396   10.10089158   10.20841709   
12.71379874   0   0.8949480271   0.9560399032   1.020902429   1.089717945   1.162671641   1.239950842   1.321744276   1.40824106   1.499629727   1.596097028   1.697826644   1.804997644   1.917782936   2.036347372   2.16084573   2.291420486   2.428199295   2.571292285   2.720789065   2.876755467   3.039230072   3.208220404   3.383698996   3.565599241   3.75381121   3.948177444   4.148489014   4.354481932   4.565834225   4.782163944   5.003028327   5.227924532   5.456292032   5.687516927   5.920938158   6.155855609   6.391539782   6.627242771   6.862210062   7.095692628   7.326958834   7.55530564   7.780068681   8.000630915   8.216429593   8.42696147   8.631786242   8.830528274   9.022876788   9.208584676   9.38746618   9.55939364   9.724293548   9.88214212   10.03296055   10.17681012   10.31378735   10.44401919   10.56765844   10.68487943   
13.33921888   0   0.9094887117   0.9716689184   1.037701251   1.107774106   1.182079248   1.26081104   1.344165771   1.432340686   1.525533056   1.623939014   1.727752319   1.837162868   1.952355187   2.0735066   2.200785265   2.334347994   2.474337799   2.620881234   2.774085448   2.934034965   3.100788226   3.274373782   3.454786315   3.641982404   3.835876176   4.036334868   4.243174524   4.456155938   4.674981094   4.899290409   5.128660967   5.362606211   5.600577228   5.841965933   6.086110241   6.332301289   6.579792483   6.827810173   7.075565505   7.322266961   7.567133055   7.809404627   8.048356253   8.283306362   8.513625729   8.7387442   8.958155524   9.171420347   9.378167474   9.578093549   9.77096139   9.956597194   10.13488686   10.30577163   10.46924334   10.62533935   10.77413738   10.91575046   11.05032193   11.17802073   
13.99540483   0   0.9240254516   0.9872937025   1.054495507   1.125825377   1.201481605   1.281665599   1.366581215   1.456433823   1.55142943   1.651773554   1.757670034   1.869319595   1.98691839   2.110656227   2.240714655   2.377264849   2.520465214   2.670458779   2.82737031   2.991303129   3.162335695   3.340517802   3.525866592   3.718362252   3.917943563   4.124503256   4.33788343   4.557871076   4.784193973   5.01651722   5.254440603   5.497497279   5.745153932   5.996812777   6.251815567   6.509449776   6.768956788   7.029542031   7.29038663   7.550660138   7.809533822   8.066193902   8.319854194   8.569767684   8.815236591   9.055620694   9.290343716   9.51889775   9.74084578   9.955822417   10.16353307   10.36375179   10.55631794   10.74113215   10.91815152   11.08738449   11.24888551   11.40274964   11.54910719   11.68811864   
14.68387003   0   0.9385586102   1.002914639   1.071285637   1.143872217   1.220879196   1.302515039   1.388991164   1.480521066   1.577319486   1.679601326   1.787580508   1.901468589   2.021473352   2.147797097   2.280634777   2.420171951   2.566582442   2.7200258   2.880644469   3.048560658   3.223872971   3.40665263   3.596939492   3.794737717   4.000011236   4.212678966   4.432609989   4.659618734   4.893460401   5.133826854   5.380343198   5.632565494   5.889979812   6.152003029   6.417985592   6.687216505   6.958930489   7.232317313   7.50653299   7.780712436   8.053983096   8.325478928   8.594354152   8.859796198   9.121037357   9.377364765   9.628128474   9.872747459   10.11071359   10.34159363   10.56502942   10.78073654   10.98850157   11.18817835   11.3796834   11.56299078   11.73812659   11.90516332   12.06421423   12.21542775   
15.40620237   0   0.9530885301   1.018532081   1.088072013   1.161915007   1.240272459   1.323359829   1.41139612   1.504602955   1.6032038   1.707422945   1.817484398   1.933610545   2.056020809   2.184929983   2.320546437   2.463070128   2.612690324   2.769583127   2.93390871   3.105808245   3.285400585   3.472778534   3.668004876   3.871108051   4.082077563   4.300859096   4.527349515   4.761391767   5.002769896   5.251204388   5.506348029   5.767782724   6.035017486   6.307488031   6.584558256   6.865523927   7.149618632   7.436022095   7.723870645   8.012269524   8.300306578   8.587066746   8.87164672   9.153169154   9.430795848   9.70373943   9.971273184   10.23273881   10.48755199   10.73520587   10.97527251   11.20740248   11.43132292   11.64683436   11.85380637   12.05217261   12.24192521   12.423109   12.59581548   12.76017699   
16.16406785   0   0.9676154706   1.034146352   1.104854981   1.179954145   1.259661778   1.344200397   1.433796544   1.528679976   1.629082896   1.735238973   1.847382301   1.965746101   2.090561433   2.222055593   2.360450376   2.505960148   2.658789639   2.819131536   2.987163779   3.163046567   3.346919089   3.538895854   3.739062757   3.947472766   4.164141318   4.38904136   4.62209822   4.863184289   5.112113699   5.368637194   5.632437356   5.903124606   6.180234193   6.463224622   6.751477832   7.044301519   7.34093375   7.64055006   7.942272952   8.245183557   8.5483351   8.850767612   9.151523266   9.449661672   9.744274489   10.03449878   10.31952867   10.59862493   10.87112237   11.13643496   11.39405869   11.64357246   11.88463711   12.11699287   12.34045557   12.55491188   12.76031381   12.95667276   13.1440533   13.32256698   
16.95921442   0   0.9821397444   1.049757742   1.121634854   1.197989958   1.279047532   1.365037139   1.456192854   1.552752579   1.654957251   1.763049919   1.877274761   1.997875833   2.125095838   2.259174575   2.400347271   2.548842713   2.704881109   2.868671751   3.040410385   3.22027628   3.40842904   3.60500498   3.810113257   4.023831579   4.246201611   4.477223983   4.716853066   4.964991486   5.221484537   5.486114655   5.75859609   6.038570182   6.32560143   6.619174809   6.918694669   7.223485666   7.532795939   7.845802835   8.161621198   8.479314125   8.797905885   9.116396551   9.433777728   9.749048706   10.06123235   10.36939003   10.67263512   10.97014452   11.26116794   11.54503488   11.82115922   12.08904145   12.34826898   12.59851449   12.83953279   13.07115651   13.29329074   13.50590714   13.70903753   13.90276736   
17.79347603   0   0.9966615858   1.065366515   1.138411932   1.216022752   1.298430043   1.385870378   1.478585426   1.576821172   1.680827296   1.790856247   1.907162272   2.030000268   2.159624582   2.29628752   2.440237745   2.591718471   2.7509654   2.918204447   3.093649191   3.277498016   3.469930994   3.671106338   3.881156586   4.100184367   4.328257821   4.565405611   4.811611641   5.066809449   5.330876413   5.603627899   5.884811475   6.174101539   6.471094566   6.775305389   7.08616487   7.403019446   7.725132812   8.051690156   8.381805048   8.714529021   9.048863653   9.383774784   9.718208328   10.05110699   10.38142723   10.70815564   11.03032419   11.34702373   11.65741533   11.96073924   12.25632132   12.54357705   12.8220132   13.09122734   13.35090565   13.60081911   13.84081861   14.07082908   14.2908431   14.50091413   
18.66877683   0   1.011181224   1.080972935   1.155186426   1.234052803   1.317809609   1.406700463   1.500974587   1.600886109   1.70669343   1.818658373   1.937045284   2.062119888   2.194148176   2.333394968   2.480122364   2.634588017   2.797043127   2.967730251   3.146880821   3.334712372   3.531425494   3.737200368   3.952193015   4.176531131   4.41030954   4.653585232   4.906372055   5.168635031   5.440284409   5.721169558   6.011072795   6.309703465   6.616692461   6.931587553   7.253849915   7.582852318   7.917879313   8.25812989   8.602722817   8.950704822   9.301061544   9.652731014   10.00461919   10.35561696   10.70461782   11.05053559   11.39232126   11.72897841   12.05957669   12.38326288   12.69926945   13.00692041   13.30563467   13.59492703   13.87440703   14.14377602   14.40282278   14.65141797   14.88950778   15.11710705   
19.58713563   0   1.025698849   1.096577163   1.171958618   1.252080364   1.337186499   1.427527674   1.523360669   1.624947749   1.73255601   1.846456688   1.966924208   2.094235127   2.228667084   2.370497411   2.520001651   2.677451896   2.843114856   3.017249742   3.200105859   3.391919917   3.592913068   3.803287517   4.023222856   4.252871965   4.492356529   4.741762108   5.001132841   5.270465716   5.549704521   5.838733548   6.137371097   6.445363118   6.762377078   7.087996463   7.421716233   7.762939741   8.110977433   8.465047902   8.82428157   9.187727278   9.55436185   9.923102512   10.29282181   10.6623645   11.03056572   11.39626963   11.75834778   12.11571637   12.46735178   12.81230393   13.149707   13.47878746   13.79886934   14.10937688   14.40983482   14.69986645   14.97919008   15.24761392   15.50502997   15.75140715   
20.55067054   0   1.04021465   1.112179451   1.188728707   1.270105661   1.356560976   1.448352275   1.545743949   1.649006355   1.758415364   1.874251536   1.99679941   2.126346384   2.263181731   2.407595299   2.559876078   2.720310606   2.889181107   3.066763455   3.253324846   3.449121186   3.654394221   3.869368231   4.094246447   4.329207035   4.574398682   4.829935726   5.095892883   5.372299514   5.659133514   5.956314872   6.263698945   6.581069714   6.908133124   7.244510845   7.589734772   7.943242744   8.304375839   8.672377812   9.046397069   9.425491521   9.808636539   10.19473601   10.58263631   10.97114266   11.35903745   11.74509953   12.12812375   12.50693995   12.88043053   13.24754602   13.60731823   13.95887052   14.3014253   14.63430862   14.95695204   15.26889213   15.56976788   15.85931631   16.1373668   16.40383429   
21.5616039   0   1.054728793   1.127779957   1.205496892   1.288128928   1.375933209   1.469174505   1.568124682   1.673062239   1.784271765   1.902043234   2.026671237   2.158454017   2.297692501   2.444689042   2.599746082   2.763164605   2.935242359   3.116271886   3.306538284   3.506316679   3.715869435   3.935442946   4.165264141   4.405536554   4.656435995   4.918105748   5.190651347   5.474134869   5.768568793   6.073909456   6.390050192   6.716814248   7.0539477   7.401112584   7.757880543   8.123727464   8.498029435   8.880060634   9.268993562   9.663902078   10.06376757   10.4674884   10.87389253   11.28175309   11.68980635   12.09677129   12.5013701   12.90234856   13.29849553   13.68866079   14.07177055   14.44684025   14.81298439   15.16942338   15.51548732   15.85061716   16.17436338   16.48638257   16.78643236   17.07436499   
22.62226731   0   1.069241429   1.143378845   1.222263334   1.306150293   1.395303457   1.489994581   1.590503101   1.697115638   1.810125515   1.929832082   2.056539997   2.190558361   2.332199745   2.481779014   2.639612057   2.806014311   2.981299048   3.165775488   3.359746642   3.563506865   3.777339167   4.001512087   4.236276298   4.481860773   4.738468542   5.006271976   5.28540763   5.575970577   5.878008279   6.191513992   6.516419786   6.852589237   7.199809986   7.55778634   7.926132186   8.304364663   8.691898881   9.088044343   9.49200346   9.902872739   10.31964704   10.74122715   11.16643088   11.59400734   12.02265421   12.45103721   12.87781112   13.30164129   13.72122485   14.13531063   14.54271714   14.94234793   15.33320402   15.71439313   16.0851358   16.44476838   16.79274339   17.12862727   17.45209624   17.76293042   
23.73510713   0   1.083752681   1.158976263   1.239028197   1.324169983   1.414671885   1.510812698   1.612879439   1.72116678   1.835976836   1.957618304   2.086405972   2.222659713   2.366703779   2.518865554   2.679474365   2.848860106   3.027351576   3.215274681   3.412950348   3.620692181   3.838803846   4.067576059   4.307283275   4.558179962   4.820496452   5.094434321   5.380161308   5.677805723   5.987450343   6.309125815   6.642803596   6.988388496   7.345710949   7.71451919   8.094471546   8.485129255   8.885950087   9.296283377   9.715366912   10.14232627   10.57617706   11.01583058   11.46010295   11.90772787   12.3573728   12.80765781   13.25717677   13.70451957   14.14829478   14.5871515   15.01979966   15.44502807   15.86171948   16.26886256   16.66556044   17.05103609   17.42463438   17.78582162   18.13418242   18.46941468   
24.90269003   0   1.098262883   1.17457234   1.255791625   1.342188129   1.434038669   1.531629067   1.635253825   1.745215872   1.861825949   1.985402174   2.11626939   2.254758344   2.401204902   2.55594897   2.719333337   2.891702339   3.073400312   3.264769848   3.466149802   3.677873029   3.900263876   4.133635249   4.378285423   4.634494407   4.902519897   5.182592774   5.474912103   5.779639624   6.09689371   6.42674279   6.769198263   7.124206935   7.491643085   7.871300301   8.26288327   8.66599984   9.080153693   9.504738105   9.9390313   10.38219399   10.83326961   11.29118788   11.75477186   12.22274887   12.6937651   13.16640356   13.63920482   14.11068966   14.5793827   15.04383597   15.50265137   15.95450132   16.39814662   16.83245127   17.25639382   17.6690752   18.06972311   18.45769341   18.8324685   19.19365338   
26.12770893   0   1.112771832   1.19016748   1.272553748   1.360204876   1.453403943   1.552443778   1.657626499   1.769263101   1.887673067   2.013183898   2.146130515   2.286854519   2.435703378   2.59302955   2.759189272   2.934541329   3.119445592   3.314261342   3.519345368   3.735049787   3.961719633   4.199690026   4.449283083   4.710804393   4.984539076   5.270747394   5.569659852   5.881471785   6.206337395   6.544363223   6.895601071   7.260040385   7.637600186   8.028120641   8.431354441   8.846958258   9.274484563   9.713374273   10.16295068   10.62241529   11.09084609   11.56719894   12.05031245   12.53891675   13.03164628   13.5270563   14.02364282   14.51986508   15.01416984   15.50501622   15.99090021   16.47037755   16.94208471   17.40475648   17.85724028   18.29850694   18.72765761   19.14392734   19.54668539   19.93543266   
27.41298925   0   1.127279772   1.205761177   1.289314668   1.378220349   1.472767849   1.573257046   1.679997599   1.793308634   1.913518391   2.040963669   2.175989545   2.318948416   2.470199451   2.630107549   2.799042439   2.977377366   3.165487722   3.363749486   3.572537383   3.7922228   4.023171467   4.265740734   4.520276582   4.787110208   5.066554206   5.358898283   5.66440448   5.983301861   6.315780652   6.661985778   7.022009833   7.395885449   7.783577142   8.184972699   8.599874241   9.027989174   9.468921295   9.922162455   10.38708521   10.86293707   11.34883688   11.84377404   12.34661116   12.85609046   13.37084443   13.88941053   14.41024981   14.93176882   15.45234393   15.97034709   16.484172   16.99225921   17.49311979   17.98535597   18.4676786   18.93892099   19.39804872   19.84416585   20.27651738   20.69448853   
28.76149537   0   1.1417868   1.221354006   1.306074734   1.39623466   1.492130513   1.594068977   1.70236728   1.817352667   1.939362014   2.068741668   2.205846672   2.351040286   2.50469331   2.6671832   2.838893097   3.020210717   3.211526984   3.413234576   3.625726157   3.849392387   4.084619705   4.331787699   4.59126623   4.863412135   5.148565515   5.447045578   5.759145978   6.085129624   6.425222922   6.779609413   7.148422806   7.531739372   7.929569761   8.341850265   8.768433649   9.209079703   9.663445759   10.13107751   10.61140054   11.10371309   11.60718071   12.12083338   12.64356582   13.17414152   13.71120097   14.25327423   14.7987978   15.34613533   15.89360169   16.43948896   16.98209385   17.51974479   18.05082806   18.57381146   19.08726501   19.58987801   20.08047214   20.55801054   21.02160289   21.47050685   
30.17633752   0   1.15629301   1.236945944   1.322833679   1.414248237   1.511492045   1.614879696   1.724735651   1.841395245   1.965204162   2.096518061   2.235702069   2.383130299   2.539185191   2.704256734   2.878741473   3.063041615   3.257563634   3.462716883   3.678911973   3.906558845   4.146064648   4.397831222   4.662252324   4.939710449   5.230573236   5.53518944   5.853884393   6.18695494   6.534663802   6.897233327   7.274838606   7.667599931   8.075574621   8.498748222   8.937025171   9.390219061   9.85804267   10.34009808   10.83586722   11.34470335   11.86582408   12.39830648   12.94108517   13.49295381   14.05257084   14.61846959   15.18907281   15.76271223   16.33765114   16.91211056   17.48429724   18.05243228   18.61477958   19.16967223   19.71553661   20.25091276   20.77447095   21.28502405   21.78153556   22.26312367   
31.66077892   0   1.170798489   1.252537082   1.339591754   1.432260467   1.530852531   1.635689312   1.747102837   1.865436584   1.991044949   2.124292981   2.26555592   2.415218625   2.573675262   2.741328293   2.918587777   3.105870294   3.303597901   3.512196654   3.732095091   3.963722443   4.207506576   4.463871587   4.733235142   5.01600541   5.312577598   5.623330042   5.948619804   6.288777745   6.644103011   7.014856911   7.401256144   7.803465343   8.221588942   8.655662368   9.105642609   9.571398262   10.05269919   10.54920609   11.06046015   11.58587347   12.12472054   12.67613157   13.23908833   13.81242324   14.39482241   14.98483311   15.58087582   16.18126166   16.78421355   17.38789157   17.99042115   18.58992271   19.18454195   19.77247892   20.35201513   20.92153754   21.47955865   22.02473251   22.55586606   23.07192621   
33.21824329   0   1.185303051   1.268127504   1.356349046   1.450271984   1.55021234   1.656497919   1.769468948   1.889476766   2.01688451   2.152066615   2.295408286   2.447305417   2.608163688   2.778398104   2.958432163   3.148696948   3.349630008   3.561674115   3.78527575   4.02088343   4.268945745   4.529909055   4.804214945   5.092297272   5.394578829   5.711467567   6.043352323   6.390598034   6.753540363   7.132479712   7.527674574   7.939334185   8.367610472   8.812589268   9.27428085   9.752609841   10.2474046   10.75838632   11.28515804   11.82719403   12.38383002   12.95425482   13.53750412   14.13245719   14.73783721   15.35221599   15.97402322   16.60156144   17.23302511   17.86652485   18.50011492   19.13182347   19.75968419   20.38176755   20.99621093   21.60124602   22.19522264   22.77662854   23.34410443   23.89645449   
34.85232282   0   1.199807275   1.283717046   1.373105636   1.468282734   1.569571138   1.677305981   1.791834077   1.913515897   2.042722936   2.179838961   2.325259383   2.479390816   2.642650618   2.815466312   2.998274846   3.19152178   3.39566015   3.611149464   3.838454167   4.078042035   4.330382393   4.59594387   4.875191976   5.168586271   5.476577151   5.799602202   6.138082077   6.49241584   6.862975747   7.250101401   7.654093242   8.075205332   8.513637398   8.969526126   9.442935696   9.933847623   10.44214996   10.96762603   11.50994291   12.06864002   12.64311815   13.23262969   13.83627034   14.45297385   15.08150941   15.72048367   16.368347   17.02340563   17.68383829   18.34771847   19.01304091   19.67775162   20.33978033   20.99707353   21.64762721   22.28951748   22.92092821   23.54017477   24.14572299   24.73620349   
36.56678637   0   1.214311022   1.299306179   1.389861603   1.486292797   1.588929186   1.698112764   1.814198294   1.937554072   2.068560335   2.207610253   2.355109302   2.511474944   2.677136219   2.852533061   3.038115964   3.234344898   3.441688508   3.660622904   3.891630534   4.135198467   4.391816737   4.661976255   4.946166463   5.244872631   5.558572773   5.887734133   6.232809206   6.59423123   6.972409113   7.367721748   7.780511654   8.211077897   8.659668269   9.126470671   9.611603709   10.11510652   10.63692784   11.17691455   11.73479965   12.31019025   12.90255561   13.51121604   14.13533296   14.77390145   15.42574517   16.08951549   16.7636947   17.44660511   18.13642275   18.83119729   19.52887677   20.22733676   20.92441303   21.61793574   22.30576432   22.98582117   23.65612284   24.31480784   24.96015983   25.59062598   
38.3655882   0   1.228814453   1.314894993   1.406616713   1.50430225   1.608286561   1.718918972   1.836561998   1.961591372   2.094396802   2.235380543   2.384958166   2.543558008   2.711620519   2.889598484   3.077955662   3.277166512   3.487715203   3.710094601   3.944805045   4.192352919   4.45324898   4.728006419   5.017138617   5.321156562   5.640565897   5.975863542   6.327533858   6.69604429   7.081840453   7.485340604   7.906929442   8.346951194   8.805701928   9.28342107   9.780282085   10.29638233   10.83173211   11.386243   11.95971559   12.55182686   13.16211748   13.7899796   14.43464536   15.09517746   15.77046188   16.45920405   17.15992905   17.87098748   18.59056597   19.31670421   20.04731737   20.78022376   21.51317693   22.24390041   22.97012417   23.68962096   24.40024082   25.09994289   25.78682292   26.45913599   
40.25287712   0   1.24331759   1.330483167   1.423371542   1.522310883   1.627643338   1.739724522   1.858924776   1.985628302   2.120232418   2.263149922   2.414806043   2.575639873   2.746103729   2.926662701   3.117794066   3.319986741   3.533740434   3.759564733   3.997977868   4.249505556   4.514679303   4.794034553   5.088108634   5.397438261   5.722556716   6.063990607   6.422256183   6.797855124   7.191269795   7.602957877   8.033346339   8.482824692   8.951737461   9.44037585   9.948968543   10.47767164   11.0265577   11.59560403   12.18468016   12.79353484   13.42178272   14.06889116   14.73416748   15.41674773   16.11558732   16.82945447   17.5569274   18.29639691   19.04607348   19.80400099   20.56807638   21.33607502   22.10568164   22.87452484   23.64021446   24.40038   25.15270813   25.8949783   26.62509456   27.34111286   
42.23300598   0   1.257820315   1.346071311   1.440126132   1.540319223   1.646999588   1.760529485   1.881286912   2.009663996   2.146067236   2.290918472   2.44465303   2.607720866   2.780585922   2.963725819   3.15763133   3.36280571   3.579764314   3.809033375   4.051149156   4.306656553   4.576107868   4.860060831   5.159076694   5.473717911   5.804545409   6.152115498   6.516976329   6.899663844   7.300697191   7.720573525   8.15976216   8.618697991   9.09777415   9.597333831   10.11766124   10.65897163   11.22140045   11.80499154   12.40968456   13.03530164   13.6815336   14.34792598   15.03386515   15.73856565   16.46105875   17.20018349   17.95458098   18.72269364   19.50276877   20.29286873   21.09088732   21.89457232   22.70155444   23.50938085   24.31555281   25.11756537   25.91294745   26.6993009   27.47433648   28.2359059   
44.31054181   0   1.272323017   1.361659147   1.456880434   1.558327356   1.666355021   1.78133393   1.903648472   2.033699241   2.171901693   2.318686261   2.47449921   2.639800989   2.815067205   3.000788156   3.197467451   3.405623533   3.625786967   3.858500727   4.104319004   4.363806051   4.637534843   4.926085416   5.230042965   5.549995682   5.886532146   6.240238378   6.611694444   7.001470569   7.410122711   7.838187544   8.286176782   8.754570792   9.243811437   9.754294074   10.28635868   10.84028003   11.41625693   12.01440051   12.63472149   13.27711679   13.94135526   14.62706315   15.33370934   16.0605913   16.80682198   17.57131855   18.35279402   19.14975323   19.96049286   20.7831079   21.61550431   22.45541828   23.30044248   24.14805787   24.99567065   25.84065264   26.68038318   27.51229121   28.33389514   29.14283945   
46.49027625   0   1.286825784   1.377246796   1.473634534   1.576334897   1.685710288   1.802137599   1.926009523   2.057733923   2.197735293   2.346453848   2.504344651   2.671880323   2.849547631   3.037849182   3.237302638   3.448440314   3.671808503   3.907966882   4.157487594   4.420954211   4.69896037   4.992108445   5.3010076   5.626271731   5.968517085   6.328359401   6.706410671   7.103275419   7.519546439   7.955799954   8.41259013   8.890442879   9.389848892   9.911255838   10.45505967   11.02159498   11.61112436   12.22382678   12.85978492   13.51897158   14.20123525   14.90628511   15.63367547   16.38279067   17.15283047   17.94279678   18.75148276   19.57746572   20.41910372   21.2745381   22.1417023   23.01833731   23.90201462   24.79016553   25.68011667   26.56913011   27.45444639   28.3333289   29.20310732   30.06121854   
48.7772367   0   1.301328812   1.392834478   1.490388282   1.594342536   1.705065422   1.822941083   1.948370131   2.081768105   2.223568342   2.374220218   2.534189392   2.703958938   2.884027286   3.074909591   3.277136946   3.491256142   3.717829064   3.95743195   4.21065502   4.478101073   4.760384581   5.058130071   5.371970732   5.702546205   6.050500374   6.416478712   6.801125147   7.205078515   7.628968465   8.073410798   8.539002172   9.026314101   9.535886191   10.06821854   10.62376325   11.20291498   11.80600045   12.43326697   13.08486986   13.76085878   14.46116323   15.18557716   15.93374284   16.70513494   17.49904447   18.31456404   19.15057439   20.00573461   20.87847535   21.76699751   22.66927702   23.58307614   24.50596264   25.43533587   26.36845995   27.30250286   28.23457957   29.16179814   30.08130597   30.99033475   
51.17669784   0   1.315832362   1.408422378   1.507142116   1.612350039   1.724420355   1.843744469   1.970729947   2.105801851   2.249400901   2.401986254   2.564033915   2.73603689   2.91850624   3.111969245   3.316970473   3.534071118   3.763848615   4.006896028   4.263821387   4.53524683   4.821807542   5.124150411   5.442932505   5.778819237   6.132482148   6.504596446   6.895838003   7.306879976   7.738388883   8.191020131   8.665412902   9.162184359   9.681923093   10.22518173   10.79246867   11.38423882   12.00088335   12.6427183   13.3099722   14.00277242   14.72113058   15.46492698   16.23389405   17.0275997   17.8454302   18.68657396   19.55000603   20.43447576   21.33849677   22.26034203   23.19804445   24.1494039   25.11200212   26.08322497   27.06029255   28.04029623   29.02024112   29.99709285   30.96782595   31.92947235   
53.69419383   0   1.330336828   1.424010733   1.523896127   1.630357239   1.743775171   1.864547298   1.993089708   2.129834848   2.275233031   2.42975181   2.593877634   2.768114803   2.952984552   3.149028215   3.356803253   3.576885322   3.80986737   4.056359205   4.31698679   4.592391557   4.883229427   5.190169609   5.513893041   5.855090939   6.214462537   6.592712732   6.990549362   7.408679915   7.847807792   8.30862802   8.791822336   9.298053593   9.827959421   10.38214506   10.96117532   11.56556554   12.19577155   12.85217849   13.53508858   14.24470756   14.98113016   15.74432436   16.53411457   17.35016448   18.19195903   19.058787   19.94972367   20.86361626   21.79907093   22.75444433   23.72784018   24.71711185   25.71987272   26.7335141   27.75523153   28.78205893   29.81090938   30.83862164   31.86200982   32.87791457   
56.33553107   0   1.344842599   1.439599859   1.540650532   1.648364676   1.763129689   1.885350354   2.015449441   2.153867765   2.301064792   2.457516943   2.623720882   2.800191493   2.987462249   3.18608656   3.396635364   3.619698811   3.855885364   4.105821557   4.370151362   4.649535344   4.94465031   5.256187676   5.584852452   5.931361446   6.296441644   6.680827689   7.085259343   7.510478443   7.957225287   8.426234539   8.918230509   9.433921775   9.973995055   10.53910827   11.12988274   11.74689436   12.39066383   13.06164569   13.76021623   14.48666015   15.24115607   16.02376077   16.83439224   17.67281207   18.53860685   19.43116961   20.34968115   21.29309331   22.26011343   23.24919259   24.2585183   25.28601267   26.32933807   27.3859103   28.45292049   29.52736552   30.6060862   31.68581245   32.76321328   33.83494979   
59.10680158   0   1.359350232   1.455190248   1.557405622   1.666372455   1.782484404   1.906153359   2.037809051   2.17790069   2.326895771   2.485281712   2.653563714   2.832267958   3.021939866   3.223144328   3.436466867   3.662511645   3.901902689   4.155283005   4.423315037   4.706678278   5.006070279   5.322204801   5.655810778   6.007630853   6.378419598   6.768941426   7.179968054   7.612275667   8.066641465   8.543839763   9.044637465   9.5697889   10.12002991   10.69607116   11.29859055   11.92822466   12.58555923   13.2711184   13.98535289   14.72862684   15.50120342   16.30322917   17.13471695   17.99552812   18.88535337   19.80369345   20.74983919   21.72285307   22.72155136   23.74448934   24.78995033   25.8559396   26.94018528   28.04014651   29.15303047   30.27581834   31.40529996   32.53811663   33.67081036   34.79987761   
62.01439707   0   1.373860788   1.470782379   1.574161846   1.684380839   1.80183941   1.92695611   2.060168631   2.201933081   2.352726802   2.513045745   2.683406188   2.864344015   3.056416714   3.260202216   3.476297812   3.705323885   3.947919364   4.204744128   4.476478036   4.763820433   5.067489417   5.388221038   5.726768188   6.083899291   6.460396498   6.857054033   7.2746756   7.714071685   8.176056418   8.66144377   9.171043259   9.705654983   10.26606395   10.85303359   11.46729847   12.10955596   12.78045695   13.4805954   14.21049672   14.97060489   15.76126819   16.58272372   17.43508032   18.31830063   19.23218162   20.17633465   21.15016454   22.15284967   23.18332209   24.24025008   25.32202381   26.42674519   27.55222404   28.69598122   29.85526035   31.0270488   32.2081079   33.39501249   34.58419811   35.77201458   
65.06502367   0   1.38837568   1.486376951   1.590919643   1.702390189   1.821194952   1.94775922   2.082527959   2.225965835   2.378557909   2.540809801   2.71324836   2.896419718   3.090893161   3.297258854   3.516128213   3.748135583   3.993935458   4.254204462   4.529640378   4.820961875   5.128907853   5.454236466   5.797724735   6.160166742   6.542372442   6.945165626   7.369382061   7.815866593   8.285470234   8.77904664   9.297447949   9.84152005   10.41209713   11.00999547   11.6360063   12.29088788   12.97535633   13.69007562   14.43564623   15.21259207   16.02134709   16.86223961   17.73547538   18.64111963   19.5790774   20.54907318   21.55062914   22.58304414   23.64537205   24.736402   25.85464102   26.9983   28.1652855   29.3531977   30.55933672   31.78071807   33.01409794   34.25600817   35.50280071   36.75069953   
68.2657174   0   1.402896078   1.501975567   1.607679651   1.720401061   1.840551356   1.968562801   2.104887599   2.24999862   2.404388972   2.568573971   2.743089742   2.928495122   3.125369259   3.334315369   3.555958671   3.790946776   4.039951024   4.303664228   4.58280215   4.878102577   5.190325484   5.520251159   5.868680497   6.236433393   6.624347444   7.033276283   7.464087548   7.917660478   8.394883   8.896648448   9.423851596   9.977384137   10.55812947   11.16695671   11.80471388   12.47222013   13.17025695   13.89955844   14.66080019   15.45458653   16.28143741   17.14177288   18.03589639   18.96397685   19.92602891   20.92189227   21.9512094   23.01340355   24.10765567   25.23288271   26.38771745   27.57049113   28.77922091   30.01160298   31.26501329   32.53651732   33.82288966   35.12064391   36.42607296   37.7352983   
71.6238604   0   1.417424478   1.517579195   1.624443087   1.738414005   1.859909134   1.989367153   2.12724765   2.274031194   2.430220088   2.59633762   2.772931288   2.960569786   3.159845061   3.371371539   3.595788379   3.83375825   4.085966103   4.353123477   4.635963353   4.935242922   5.251742546   5.58626518   5.939635543   6.312699281   6.706321669   7.121386124   7.558792145   8.019453408   8.504294794   9.014249269   9.550254262   10.11324729   10.70416086   11.3239173   11.97342108   12.65355246   13.36515838   14.10904313   14.88595761   15.69658679   16.54153692   17.42132025   18.33633858   19.28686543   20.27302631   21.29477795   22.35188555   23.44390014   24.57013436   25.72963898   26.92118053   28.14322072   29.39390011   30.6710264   31.97206986   33.29416716   34.63413484   35.98849351   37.35350283   38.72520786   
75.14719795   0   1.431964029   1.533190114   1.641211576   1.756429819   1.879268787   2.010172682   2.149608388   2.298064257   2.456050994   2.624101772   2.802773014   2.992644577   3.194320623   3.408427417   3.635617748   3.876568423   4.131980699   4.402582254   4.689124052   4.992382625   5.313159042   5.652278582   6.010589999   6.388964474   6.788295154   7.209495101   7.653495933   8.121245486   8.61370568   9.131849176   9.676656013   10.24910955   10.85019154   11.4808772   12.14212783   12.83488472   13.56006031   14.3185292   15.11111771   15.93859164   16.8016438   17.70087905   18.63679806   19.6097797   20.62006146   21.66771855   22.75264105   23.87451064   25.03277552   26.22662562   27.45496815   28.71640443   30.0092099   31.33131815   32.68031108   34.05341689   35.44751727   36.85916522   38.28461422   39.71985962   
78.84385634   0   1.446518901   1.548811203   1.657986459   1.774450347   1.898631043   2.030980027   2.171970185   2.322097931   2.481882332   2.651866039   2.832614772   3.024719591   3.228795371   3.445483055   3.675446827   3.919378571   4.17799549   4.452040589   4.742284291   5.049521832   5.374575054   5.718291357   6.081543727   6.465229033   6.870267965   7.297603404   7.748198902   8.223036771   8.723115752   9.249448236   9.803056909   10.38497097   10.99622143   11.63783642   12.31083409   13.01621678   13.7549625   14.52801625   15.33627984   16.18060008   17.06175657   17.98044708   18.93727159   19.93271498   20.96712759   22.04070442   23.15346214   24.30521553   25.49555174   26.7238044   27.98902747   29.28996995   30.62505246   31.99234753   33.3895648   34.81404324   36.26275205   37.73230181   39.21896712   40.71872205   
82.72236161   0   1.461095154   1.564446425   1.674770614   1.792476701   1.917997301   2.051789812   2.194333622   2.346132556   2.50771421   2.679630134   2.862456668   3.056794084   3.263270396   3.482537934   3.715275667   3.962188432   4.224009533   4.501499372   4.795444106   5.106660592   5.435990566   5.784303813   6.152496983   6.541493014   6.952240161   7.385711053   7.842901218   8.324827378   8.832525077   9.367046496   9.92945701   10.52083161   11.14225057   11.79479496   12.47953981   13.19754854   13.94986478   14.73750394   15.56144349   16.42261133   17.32187403   18.26002254   19.23775653   20.25566742   21.31421913   22.41372752   23.55433733   24.73599853   25.95844005   27.22114311   28.52331376   29.86385561   31.24134369   32.65400125   34.09968037   35.57584877   37.0795845   38.60758021   40.15615885   41.72130241   
86.7916592   0   1.475701576   1.580100879   1.691567665   1.810511503   1.93736943   2.072602955   2.216699273   2.370168593   2.533546942   2.707394858   2.89229839   3.088869233   3.29774571   3.519593046   3.755104323   4.004998055   4.270023294   4.550956776   4.848603488   5.16379894   5.497405641   5.85031572   6.223449748   6.617756459   7.034211867   7.473818106   7.937602902   8.426617224   8.941933725   9.484644047   10.05585636   10.6566915   11.28827899   11.95175284   12.64824498   13.37887994   14.14476698   14.94699204   15.78660824   16.66462473   17.58199519   18.53960395   19.53825071   20.57863383   21.66133147   22.78678121   23.95525712   25.16684607   26.42142122   27.71861471   29.0577892   30.43800901   31.85801168   33.31618165   34.81052677   36.33866012   37.89778856   39.48471044   41.09582373   42.72714773   
91.06113463   0   1.490348564   1.595783144   1.708382418   1.82855807   1.956748974   2.093421579   2.239067973   2.394206775   2.559380948   2.735160345   2.922140675   3.120944582   3.332221132   3.556648495   3.794932125   4.047807491   4.316036817   4.600414252   4.901763205   5.220936898   5.558820316   5.916327195   6.294402108   6.694019365   7.116182908   7.561924615   8.032304009   8.528406508   9.051341658   9.602240934   10.18225504   10.79255071   11.43430673   12.10871009   12.8169496   13.56021094   14.33966903   15.15648035   16.01177379   16.90663976   17.84211926   18.81919013   19.83875234   20.9016116   22.00846081   23.15986   24.35621361   25.59774688   26.88447923   28.21619654   29.59242198   31.01238583   32.4749952   33.97880498   35.52199076   37.10232604   38.71716512   40.36343424   42.03763229   43.73584494   
95.54063508   0   1.505051857   1.611502351   1.725221856   1.846620969   1.976139246   2.114246959   2.261441331   2.418247817   2.585216895   2.762926982   2.951983641   3.153019795   3.36669678   3.593703412   3.834760322   4.090616136   4.362050153   4.649871493   4.954922164   5.278075479   5.620234619   5.98233828   6.365354027   6.770282002   7.198153561   7.650030626   8.127004589   8.630195235   9.16074905   9.719837264   10.3086531   10.92840925   11.58033384   12.26566674   12.98565368   13.7415415   14.53457084   15.36596873   16.23693985   17.14865603   18.10224558   19.09878008   20.13925997   21.22459859   22.35560402   23.53295935   24.75720026   26.02869159   27.34760071   28.71386967   30.12718542   31.58694873   33.09224238   34.6417998   36.23397497   37.86671539   39.53753984   41.2435232   42.98128995   44.74702042   
100.2404922   0   1.519832552   1.627273188   1.742096113   1.864706074   1.995544422   2.135082118   2.283821498   2.442292773   2.61105544   2.790695295   2.981827641   3.185095788   3.401172289   3.63075915   3.874588923   4.133425123   4.408063358   4.699328546   5.008080889   5.335212577   5.681648531   6.048349007   6.436305566   6.846544164   7.280123791   7.738136172   8.221704769   8.731983452   9.270155905   9.837432922   10.43505059   11.06426722   11.72636034   12.4226228   13.15435723   13.92287163   14.72947236   15.57545706   16.46210625   17.3906732   18.36237365   19.37837303   20.43977242   21.54759305   22.70275852   23.90607545   25.15821167   26.45967243   27.81077458   29.21161832   30.6620572   32.16166633   33.70970937   35.30510542   36.94639612   38.63171513   40.35876112   42.12477675   43.92653526   45.76033883   
105.1715457   0   1.534719463   1.643114942   1.759017171   1.882823276   2.014970039   2.155930875   2.306210249   2.466344086   2.636897542   2.818466125   3.011673159   3.217172713   3.4356485   3.667815179   3.91441771   4.176234569   4.454075649   4.748785462   5.061239425   5.392349846   5.743062925   6.114359389   6.507256755   6.922805949   7.362093685   7.826241253   8.316404332   8.833771203   9.379562268   9.955028112   10.56144747   11.20012463   11.87238629   12.57957832   13.32306026   14.10420131   14.92437355   15.78494526   16.68727282   17.632691   18.62250305   19.65796833   20.74028871   21.87059352   23.04992221   24.27920536   25.55924339   26.89068299   28.27399164   29.70942937   31.19701869   32.73651228   34.32735932   35.96867049   37.65918331   39.39722831   41.18069788   43.00701991   44.87313785   46.77550205   
110.3451688   0   1.549751858   1.659054095   1.776003179   1.900983101   2.034424149   2.176798492   2.328611402   2.490403224   2.662745051   2.846240294   3.041520958   3.249251009   3.470125546   3.704871104   3.954246815   4.21904346   4.500088463   4.798241536   5.114397821   5.449486925   5.804476534   6.180370578   6.578207619   6.999067394   7.444063188   7.91434612   8.411103584   8.935558526   9.48896818   10.07262284   10.68784391   11.3359816   12.01841174   12.73653331   13.49176281   14.28553055   15.1192744   15.99443327   16.91243944   17.87470922   18.88263343   19.93756544   21.04080805   22.19359885   23.39709334   24.65234648   25.96029173   27.32171796   28.73724426   30.20729191   31.73205438   33.31146471   34.94516128   36.63245172   38.37227644   40.16317222   42.00323743   43.89010091   45.82089603   47.79224471   
115.7732939   0   1.564983151   1.675126772   1.793078461   1.919202484   2.053918431   2.197691743   2.351029769   2.514473669   2.688600445   2.874019011   3.07137179   3.28133128   3.504603831   3.741927977   3.994075813   4.261853354   4.546101805   4.84769807   5.167556135   5.506623862   5.865889954   6.246380155   6.649158125   7.075328524   7.52603236   8.002450569   8.505802472   9.037345447   9.598373775   10.19021713   10.81423989   11.47183798   12.16443674   12.89348783   13.66046487   14.46685937   15.31417489   16.20392104   17.13760603   18.11672772   19.14276454   20.21716397   21.34132981   22.51660806   23.7442705   25.02549672   26.36135366   27.75277296   29.20052613   30.70519691   32.26715136   33.88650523   35.56308935   37.29641273   39.08562474   40.92947657   42.82628337   44.77388895   46.76963441   48.8103354   
121.4684406   0   1.580485816   1.691382171   1.810276239   1.937503661   2.073466702   2.218622027   2.373471733   2.538559821   2.714465768   2.901805091   3.10122676   3.313414491   3.539083905   3.778985968   4.033905667   4.304663635   4.592115412   4.897155193   5.22071346   5.56376071   5.927303229   6.312390001   6.72010927   7.151589349   7.608001226   8.090554688   8.600501086   9.139131965   9.707778788   10.30781102   10.94063545   11.60769398   12.3104612   13.0504419   13.82916651   14.64818777   15.50907503   16.41340855   17.36277251   18.35874635   19.40289616   20.49676357   21.64185346   22.83962036   24.09145252   25.39865438   26.7624267   28.18384436   29.66383203   31.20313688   32.80229894   34.46161862   36.18112192   37.96052303   39.79918548   41.69608189   43.64975361   45.65827178   47.71920133   49.82957166   
127.4437443   0   1.596357995   1.70788724   1.827641794   1.955917166   2.093089886   2.239601481   2.395946574   2.562667746   2.740345418   2.929600223   3.131087997   3.345501586   3.573566647   3.816045579   4.073736527   4.347473842   4.638129439   4.946611727   5.273871445   5.620896648   5.988716408   6.378399701   6.791059586   7.227851181   7.689969806   8.17865851   8.695199352   9.24091832   9.817183561   10.42540454   11.06703063   11.74354954   12.4564853   13.20739563   13.99786775   14.82951576   15.70397481   16.62289579   17.58793862   18.60076502   19.66302813   20.77636396   21.94237858   23.16263514   24.43863845   25.77181805   27.16350879   28.6149292   30.12715768   31.70110562   33.33748822   35.03679219   36.79924098   38.62475715   40.51292281   42.46293805   44.47357858   46.54315374   48.66946639   50.84977795   
133.7129865   0   1.612732363   1.724732214   1.845236719   1.974484656   2.112816027   2.260649629   2.418467758   2.58680525   2.766244942   2.95740842   3.160958354   3.377593957   3.608052921   3.853107505   4.113568854   4.390285185   4.684143385   4.996069466   5.327030091   5.678033172   6.050129554   6.4444093   6.862009754   7.304111239   7.771938055   8.266762057   8.789897328   9.342704306   9.926588021   10.54299772   11.19342557   11.87940477   12.60250902   13.36434883   14.16656863   15.01084339   15.89887422   16.83238274   17.81310476   18.84278367   19.92316031   21.05596494   22.24290484   23.48565186   24.78582752   26.14498658   27.56459819   29.04602502   30.5904995   32.19909802   33.87271188   35.61201543   37.41743155   39.28909383   41.2268067   43.23000289   45.29769947   47.42845343   49.62031801   51.8708029   
140.2906268   0   1.629787084   1.74204011   1.863144584   1.993262859   2.132683436   2.28179211   2.441051214   2.610985478   2.792171696   2.985234752   3.190840185   3.409694846   3.642543995   3.890172853   4.15340328   4.433097854   4.730158361   5.045527696   5.380189089   5.73517043   6.111541614   6.510418856   6.932959819   7.380371671   7.85390711   8.354865329   8.884595036   9.444490003   10.03599226   10.66059055   11.31981993   12.01525967   12.74853239   13.52130149   14.33526904   15.19217066   16.09377332   17.0418694   18.03827069   19.08480223   20.1832926   21.33556633   22.54343197   23.80867011   25.13301909   26.51815904   27.96569363   29.4771298   31.05385458   32.69710985   34.40796381   36.18727964   38.03568118   39.95351538   41.94081209   43.99724108   46.12206679   48.314102   50.5716612   52.89251667   
147.1918358   0   1.647761989   1.759975722   1.881478563   2.012328975   2.152744323   2.303064131   2.463721067   2.635222419   2.81813638   3.013086211   3.22073856   3.441806198   3.677042324   3.92724271   4.193240814   4.475912426   4.776174533   5.094985881   5.433348614   5.79230705   6.172954484   6.576427416   7.003909831   7.456631995   7.935875278   8.442969827   8.97929249   9.54627544   10.14539619   10.77818326   11.44621413   12.15111426   12.89455543   13.67825407   14.50396918   15.37349768   16.28867213   17.25135575   18.26343639   19.32682067   20.44342492   21.615168   22.84395974   24.13168955   25.48021265   26.89133465   28.36679392   29.90824189   31.51722051   33.19513762   34.94323901   36.76257759   38.6539795   40.61800707   42.6549181   44.76462311   46.94663903   49.2000414   51.52341559   53.91480848   
154.4325307   0   1.666978121   1.778761352   1.900391652   2.031787057   2.173069711   2.324513724   2.486509653   2.659538586   2.844154518   3.040971796   3.250659872   3.473932637   3.711551192   3.964318676   4.233082449   4.518729699   4.82219243   5.144445411   5.486508085   5.849445102   6.234368163   6.642436701   7.074859855   7.53289226   8.017843335   8.531072358   9.073989634   9.648060633   10.25479987   10.89577565   11.57260807   12.28696855   13.04057831   13.83520634   14.672669   15.55482423   16.48357066   17.46084184   18.48860184   19.56883896   20.70355723   21.89476985   23.14448798   24.45470991   25.82740778   27.26451279   28.76789814   30.33935993   31.98059531   33.69317846   35.47853332   37.33790334   39.27231809   41.28255672   43.36910735   45.53212433   47.77138138   50.0862228   52.47551275   54.93758416   
162.0294116   0   1.687864233   1.798695008   1.920089311   2.051778964   2.193755968   2.346206303   2.509461146   2.683963541   2.870244475   3.068906661   3.280612601   3.506080008   3.746073314   4.001404489   4.272929646   4.561550946   4.868212778   5.193906504   5.539668779   5.90658376   6.295782286   6.708446878   7.145808675   7.609152525   8.099811327   8.619175372   9.168687768   9.749845579   10.36420331   11.01336778   11.69900184   12.42282253   13.18660064   13.99215832   14.84136853   15.73615056   16.67846878   17.67032767   18.71376708   19.81085708   20.96368947   22.17437179   23.44501655   24.77773096   26.17460414   27.63769296   29.16900552   30.77048279   32.44397734   34.19123001   36.01384333   37.91325194   39.89068981   41.94715418   44.0833654   46.29972421   48.59626483   50.97260531   53.42789558   55.96076402   
170   0   1.710989522   1.820175259   1.940848113   2.072494733   2.2149336   2.36823089   2.53263575   2.708537878   2.896434068   3.096906936   3.310609082   3.53825637   3.780614532   4.038502388   4.312785231   4.604377417   4.914236738   5.243369822   5.592830885   5.963722399   6.357197055   6.774456356   7.216758473   7.685411689   8.181779309   8.707278315   9.263384938   9.851631991   10.47360652   11.13095969   11.82539533   12.55867644   13.33262286   14.14911005   15.01006779   15.91747662   16.8733667   17.87981333   18.93893211   20.05287498   21.22382161   22.45397376   23.74554535   25.10075253   26.52180146   28.01087473   29.57011545   31.20160958   32.90736527   34.68929031   36.54916622   38.48861934   40.50908882   42.6117911   44.79768026   47.06740602   49.42126515   51.85915471   54.38051579   56.98428086   
