             0   1   1.1553   1.33472   1.542   1.78147   2.05813   2.37775   2.74701   3.17362   3.66648   4.23588   4.89371   5.6537   6.53172   7.54609   8.71798   10.0719   11.636   13.4431   15.5308   17.9427   20.7292   23.9484   27.6676   31.9643   36.9284   42.6633   49.2889   56.9434   65.7867   76.0033   87.8065   101.443   117.197   135.397   156.424   180.717   208.782   241.206   278.665   321.941   371.938   429.7   496.432   573.527   662.595   765.496   884.376   1021.72   1180.39   1363.7   1575.49   1820.16   2102.83   2429.39   2806.68   3242.55   3746.12   4327.88   5000   
1   0   0   0   0   0   0   0   0   0   0   0   0   0   0   0   0   0   0   0   0   0   0   0   0   0   0   0   0   0   0   0   0   0   0   0   0   0   0   0   0   0   0   0   0   0   0   0   0   0   0   0   0   0   0   0   0   0   0   0   0   0   
10   0   0.417768   0.475362   0.54048   0.614035   0.697037   0.790607   0.895984   1.01454   1.14778   1.29738   1.46516   1.65315   1.86356   2.09882   2.36158   2.65476   2.98153   3.34536   3.75001   4.19959   4.69855   5.2517   5.86426   6.54186   7.29053   8.1168   9.02762   10.0305   11.1333   12.3446   13.6735   15.1294   16.7227   18.4642   20.3653   22.4383   24.6962   27.1527   29.8225   32.7213   35.8658   39.2738   42.9644   46.9579   51.2763   55.9429   60.983   66.4235   72.2935   78.6241   85.4488   92.8036   100.727   109.261   118.451   128.344   138.992   150.451   162.781   176.046   
10.4919   0   0.417838   0.475449   0.540589   0.614169   0.697204   0.790814   0.896241   1.01486   1.14818   1.29787   1.46577   1.65391   1.8645   2.09999   2.36304   2.65656   2.98377   3.34813   3.75345   4.20386   4.70384   5.25826   5.87238   6.5519   7.30294   8.1321   9.04648   10.0536   11.1617   12.3794   13.7159   15.181   16.7851   18.5394   20.4556   22.5463   24.8246   27.3047   30.0016   32.9312   36.1107   39.5582   43.2931   47.3363   51.7099   56.4379   61.5459   67.0612   73.0134   79.4342   86.3576   93.8202   101.861   110.523   119.852   129.895   140.707   152.343   164.864   178.336   
11.008   0   0.417902   0.475528   0.540687   0.614291   0.697355   0.791002   0.896474   1.01515   1.14854   1.29832   1.46633   1.6546   1.86536   2.10105   2.36435   2.6582   2.9858   3.35065   3.75658   4.20773   4.70864   5.26421   5.87976   6.56103   7.31423   8.14605   9.06368   10.0748   11.1878   12.4113   13.7548   15.2284   16.8427   18.6091   20.5395   22.6468   24.9445   27.4471   30.1699   33.1293   36.3425   39.8282   43.6062   47.6977   52.1253   56.9134   62.0879   67.6767   73.7099   80.2197   87.2406   94.8098   102.967   111.756   121.222   131.416   142.389   154.201   166.913   180.591   
11.5496   0   0.417959   0.4756   0.540776   0.614402   0.697492   0.791172   0.896686   1.01541   1.14886   1.29872   1.46683   1.65522   1.86614   2.10201   2.36555   2.65968   2.98764   3.35294   3.75941   4.21125   4.71301   5.26963   5.88646   6.56933   7.32451   8.15875   9.07936   10.0942   11.2115   12.4405   13.7906   15.2721   16.8958   18.6734   20.6172   22.7402   25.0564   27.5804   30.3279   33.3157   36.5615   40.0841   43.9039   48.0423   52.5225   57.3692   62.6089   68.2699   74.3828   80.9802   88.0973   95.7719   104.045   112.959   122.562   132.904   144.039   156.026   168.927   182.81   
12.1177   0   0.418012   0.475665   0.540856   0.614502   0.697617   0.791327   0.896878   1.01565   1.14916   1.29909   1.46729   1.65579   1.86684   2.10289   2.36663   2.66103   2.98931   3.35501   3.76199   4.21445   4.71697   5.27454   5.89256   6.57688   7.33385   8.17032   9.09365   10.1118   11.2333   12.4672   13.8233   15.3121   16.9447   18.7328   20.6891   22.827   25.1605   27.7048   30.4759   33.4909   36.7678   40.326   44.1862   48.3702   52.9016   57.8055   63.1089   68.8407   75.0319   81.7156   88.9276   96.7062   105.093   114.131   123.87   134.359   145.655   157.815   170.905   184.992   
12.7138   0   0.418059   0.475724   0.54093   0.614593   0.69773   0.791467   0.897052   1.01586   1.14943   1.29942   1.4677   1.65631   1.86748   2.10368   2.36762   2.66225   2.99083   3.3569   3.76433   4.21735   4.72057   5.27901   5.8981   6.58375   7.34235   8.18084   9.10666   10.1279   11.2531   12.4916   13.8533   15.3489   16.9896   18.7875   20.7555   22.9072   25.2572   27.8207   30.6142   33.6551   36.9619   40.5544   44.4534   48.6815   53.2626   58.2223   63.588   69.389   75.657   82.4255   89.7309   97.6122   106.111   115.273   125.146   135.781   147.236   159.569   172.846   187.136   
13.3392   0   0.418102   0.475777   0.540996   0.614675   0.697832   0.791594   0.89721   1.01606   1.14967   1.29973   1.46808   1.65677   1.86806   2.1044   2.36851   2.66336   2.99221   3.35861   3.76645   4.21999   4.72384   5.28306   5.90313   6.58998   7.35008   8.19041   9.1185   10.1425   11.2712   12.5139   13.8807   15.3825   17.0308   18.8378   20.8168   22.9815   25.3468   27.9284   30.7432   33.8088   37.1441   40.7694   44.7059   48.9766   53.6058   58.6197   64.0461   69.9148   76.258   83.1098   90.5072   98.4896   107.1   116.383   126.388   137.169   148.781   161.286   174.75   189.242   
13.9954   0   0.418142   0.475826   0.541057   0.61475   0.697925   0.79171   0.897354   1.01624   1.14989   1.3   1.46842   1.6572   1.86858   2.10505   2.36932   2.66437   2.99346   3.36016   3.76838   4.22238   4.72681   5.28675   5.9077   6.59565   7.35711   8.19911   9.12928   10.1558   11.2876   12.5342   13.9058   15.4133   17.0686   18.884   20.8731   23.0499   25.4297   28.0284   30.8632   33.9522   37.3148   40.9714   44.9439   49.2557   53.9315   58.9979   64.4833   70.4181   76.8348   83.7683   91.256   99.338   108.058   117.461   127.598   138.522   150.291   162.966   176.614   191.307   
14.6839   0   0.418177   0.47587   0.541111   0.614819   0.69801   0.791815   0.897484   1.0164   1.15009   1.30025   1.46873   1.65758   1.86906   2.10565   2.37006   2.66528   2.99459   3.36157   3.77013   4.22455   4.72951   5.2901   5.91185   6.6008   7.3635   8.20703   9.13908   10.168   11.3026   12.5527   13.9286   15.4415   17.1031   18.9264   20.9249   23.113   25.5063   28.121   30.9747   34.0859   37.4743   41.1609   45.1679   49.5191   54.2398   59.3571   64.8999   70.899   77.3876   84.401   91.9773   100.157   108.985   118.506   128.773   139.839   151.763   164.607   178.439   193.331   
15.4062   0   0.418209   0.47591   0.541161   0.61488   0.698087   0.79191   0.897602   1.01655   1.15028   1.30048   1.46901   1.65793   1.8695   2.10619   2.37073   2.66611   2.99562   3.36285   3.77172   4.22652   4.73196   5.29313   5.91562   6.60548   7.3693   8.21422   9.148   10.179   11.3163   12.5696   13.9495   15.4672   17.1348   18.9652   20.9724   23.1711   25.5769   28.2066   31.0781   34.2102   37.6231   41.3381   45.3781   49.7671   54.5311   59.6976   65.296   71.3576   77.9162   85.0078   92.6709   100.947   109.88   119.519   129.914   141.12   153.197   166.209   180.223   195.313   
16.1641   0   0.418239   0.475947   0.541206   0.614936   0.698156   0.791997   0.89771   1.01668   1.15044   1.30068   1.46927   1.65825   1.86989   2.10667   2.37134   2.66687   2.99656   3.36401   3.77316   4.22832   4.73418   5.29589   5.91905   6.60973   7.37457   8.22076   9.15611   10.189   11.3287   12.585   13.9685   15.4906   17.1637   19.0008   21.016   23.2244   25.6419   28.2857   31.1738   34.3256   37.7616   41.5037   45.575   50.0003   54.8058   60.0197   65.6718   71.7941   78.4209   85.5886   93.3367   101.707   110.745   120.498   131.02   142.365   154.593   167.77   181.965   197.251   
16.9592   0   0.418265   0.47598   0.541247   0.614987   0.69822   0.792075   0.897807   1.0168   1.15059   1.30087   1.4695   1.65854   1.87025   2.10712   2.37189   2.66755   2.99741   3.36507   3.77447   4.22994   4.7362   5.2984   5.92216   6.61359   7.37936   8.22671   9.16347   10.1982   11.34   12.599   13.9858   15.512   17.19   19.0332   21.0559   23.2733   25.7017   28.3585   31.2622   34.4325   37.8903   41.658   45.7591   50.2189   55.0642   60.3237   66.0276   72.2087   78.9017   86.1437   93.9747   102.437   111.577   121.444   132.09   143.571   155.95   169.291   183.664   199.146   
17.7935   0   0.418289   0.47601   0.541285   0.615034   0.698277   0.792147   0.897896   1.01691   1.15073   1.30104   1.46971   1.6588   1.87057   2.10752   2.37239   2.66817   2.99818   3.36602   3.77566   4.23142   4.73804   5.30068   5.92498   6.6171   7.38371   8.2321   9.17017   10.2065   11.3503   12.6117   14.0016   15.5315   17.2141   19.0629   21.0924   23.3181   25.7565   28.4254   31.3437   34.5313   38.0096   41.8014   45.9308   50.4236   55.3069   60.61   66.3639   72.6017   79.3588   86.6731   94.5849   103.138   112.378   122.356   133.124   144.74   157.267   170.77   185.32   200.995   
18.6688   0   0.418311   0.476037   0.541318   0.615076   0.698329   0.792211   0.897976   1.01701   1.15085   1.30119   1.4699   1.65903   1.87087   2.10789   2.37284   2.66874   2.99888   3.36689   3.77674   4.23276   4.7397   5.30275   5.92755   6.62029   7.38767   8.23701   9.17626   10.214   11.3597   12.6233   14.0159   15.5492   17.236   19.09   21.1257   23.3591   25.8068   28.487   31.4187   34.6225   38.1201   41.9346   46.0907   50.6147   55.5342   60.8791   66.681   72.9735   79.7927   87.177   95.1675   103.808   113.147   123.233   134.122   145.871   158.544   172.207   186.932   202.798   
19.5871   0   0.418331   0.476062   0.541349   0.615114   0.698376   0.79227   0.898049   1.0171   1.15097   1.30133   1.47007   1.65925   1.87113   2.10822   2.37325   2.66925   2.99952   3.36768   3.77772   4.23398   4.74121   5.30462   5.92988   6.62318   7.39126   8.24147   9.18179   10.2209   11.3682   12.6339   14.029   15.5654   17.256   19.1147   21.1562   23.3966   25.8529   28.5434   31.4877   34.7065   38.2221   42.058   46.2393   50.7928   55.7468   61.1316   66.9794   73.3245   80.2035   87.6557   95.7226   104.449   113.883   124.076   135.083   146.963   159.779   173.6   188.499   204.554   
20.5507   0   0.418349   0.476084   0.541377   0.615148   0.698419   0.792323   0.898116   1.01718   1.15107   1.30146   1.47023   1.65945   1.87138   2.10852   2.37363   2.66972   3.0001   3.3684   3.77861   4.23509   4.74259   5.30633   5.932   6.62581   7.39452   8.24552   9.18681   10.2271   11.3759   12.6435   14.0409   15.5801   17.2742   19.1372   21.184   23.4308   25.895   28.5951   31.551   34.7839   38.3162   42.1721   46.3771   50.9584   55.9451   61.3678   67.2595   73.6551   80.5918   88.1095   96.2505   105.06   114.588   124.885   136.008   148.016   160.973   174.95   190.02   206.262   
21.5616   0   0.418366   0.476104   0.541402   0.61518   0.698459   0.792372   0.898176   1.01726   1.15116   1.30157   1.47037   1.65962   1.8716   2.1088   2.37397   2.67014   3.00062   3.36905   3.77942   4.23609   4.74384   5.30788   5.93392   6.6282   7.39749   8.2492   9.19138   10.2328   11.3829   12.6522   14.0517   15.5935   17.2908   19.1577   21.2093   23.4621   25.9335   28.6425   31.6091   34.8549   38.4028   42.2774   46.5046   51.1122   56.1297   61.5885   67.522   73.9659   80.958   88.5388   96.7515   105.642   115.261   125.659   136.895   149.029   162.126   176.256   191.494   207.921   
22.6223   0   0.418381   0.476123   0.541425   0.615208   0.698494   0.792416   0.89823   1.01733   1.15124   1.30168   1.4705   1.65979   1.8718   2.10904   2.37428   2.67052   3.0011   3.36965   3.78016   4.237   4.74497   5.30928   5.93567   6.63036   7.40018   8.25254   9.19553   10.2379   11.3893   12.6601   14.0615   15.6057   17.3059   19.1763   21.2324   23.4906   25.9687   28.6858   31.6623   34.9201   38.4825   42.3744   46.6224   51.2547   56.3013   61.7942   67.7675   74.2574   81.3026   88.9441   97.226   106.195   115.902   126.4   137.746   150.003   163.236   177.517   192.921   209.53   
23.7351   0   0.418394   0.47614   0.541446   0.615234   0.698526   0.792456   0.89828   1.01739   1.15132   1.30177   1.47062   1.65993   1.87198   2.10927   2.37456   2.67087   3.00153   3.37018   3.78082   4.23783   4.746   5.31056   5.93726   6.63233   7.40262   8.25557   9.19929   10.2426   11.3951   12.6673   14.0704   15.6167   17.3196   19.1933   21.2534   23.5166   26.0008   28.7253   31.711   34.9798   38.5557   42.4638   46.7311   51.3864   56.4604   61.9855   67.9965   74.5303   81.6261   89.3259   97.6744   106.719   116.511   127.105   138.56   150.937   164.304   178.732   194.3   211.089   
24.9027   0   0.418407   0.476155   0.541465   0.615258   0.698555   0.792492   0.898325   1.01745   1.15139   1.30186   1.47073   1.66007   1.87215   2.10948   2.37481   2.67119   3.00192   3.37067   3.78143   4.23858   4.74693   5.31172   5.9387   6.63412   7.40485   8.25833   9.20272   10.2469   11.4004   12.6738   14.0785   15.6268   17.3321   19.2088   21.2725   23.5402   26.03   28.7614   31.7554   35.0345   38.6227   42.5458   46.8312   51.5081   56.6077   62.1631   68.2098   74.7852   81.9293   89.6849   98.0973   107.215   117.09   127.778   139.337   151.831   165.329   179.903   195.631   212.597   
26.1277   0   0.418418   0.476169   0.541482   0.615279   0.698582   0.792525   0.898366   1.0175   1.15145   1.30194   1.47083   1.66019   1.8723   2.10966   2.37505   2.67148   3.00228   3.37112   3.78198   4.23927   4.74778   5.31278   5.94001   6.63575   7.40686   8.26084   9.20583   10.2507   11.4052   12.6798   14.0859   15.636   17.3434   19.2228   21.29   23.5618   26.0567   28.7944   31.796   35.0845   38.6842   42.6211   46.9232   51.6202   56.7438   62.3277   68.4079   75.0227   82.2128   90.0216   98.4954   107.683   117.638   128.416   140.077   152.686   166.312   181.027   196.913   214.054   
27.413   0   0.418428   0.476182   0.541498   0.615299   0.698606   0.792555   0.898403   1.01754   1.15151   1.30201   1.47092   1.6603   1.87243   2.10983   2.37526   2.67174   3.00261   3.37152   3.78248   4.23989   4.74855   5.31373   5.94119   6.63722   7.4087   8.26311   9.20865   10.2542   11.4096   12.6852   14.0926   15.6443   17.3537   19.2356   21.3058   23.5814   26.081   28.8244   31.8331   35.1302   38.7404   42.6901   47.0077   51.7233   56.8693   62.4799   68.5917   75.2437   82.4774   90.3368   98.8691   108.124   118.156   129.021   140.782   153.502   167.252   182.106   198.147   215.458   
28.7615   0   0.418437   0.476193   0.541512   0.615316   0.698628   0.792582   0.898437   1.01758   1.15156   1.30207   1.471   1.6604   1.87256   2.10999   2.37545   2.67197   3.0029   3.37188   3.78294   4.24045   4.74925   5.3146   5.94227   6.63856   7.41036   8.26518   9.21122   10.2574   11.4135   12.6901   14.0987   15.6518   17.3631   19.2473   21.3202   23.5993   26.1031   28.8517   31.8669   35.1719   38.7918   42.7533   47.0852   51.8181   56.9849   62.6204   68.7619   75.4489   82.7237   90.6313   99.2194   108.539   118.645   129.594   141.45   154.278   168.149   183.14   199.331   216.81   
30.1763   0   0.418445   0.476203   0.541525   0.615332   0.698648   0.792607   0.898468   1.01762   1.15161   1.30213   1.47107   1.66049   1.87267   2.11013   2.37562   2.67219   3.00317   3.37222   3.78335   4.24097   4.74989   5.31539   5.94325   6.63978   7.41187   8.26706   9.21355   10.2603   11.4171   12.6946   14.1042   15.6587   17.3716   19.2578   21.3333   23.6155   26.1232   28.8766   31.8977   35.21   38.8387   42.8111   47.1562   51.9051   57.0912   62.7499   68.9191   75.639   82.9527   90.9057   99.5469   108.928   119.104   130.135   142.083   155.016   169.005   184.127   200.466   218.109   
31.6608   0   0.418453   0.476213   0.541537   0.615347   0.698666   0.79263   0.898496   1.01766   1.15165   1.30219   1.47113   1.66057   1.87277   2.11025   2.37578   2.67239   3.00341   3.37252   3.78372   4.24143   4.75047   5.31611   5.94415   6.64089   7.41325   8.26876   9.21567   10.2629   11.4204   12.6986   14.1093   15.665   17.3794   19.2674   21.3452   23.6303   26.1415   28.8993   31.9258   35.2446   38.8815   42.8639   47.2211   51.9849   57.1889   62.8691   69.0641   75.8149   83.165   91.1611   99.8525   109.292   119.536   130.645   142.681   155.715   169.818   185.069   201.552   219.356   
33.2182   0   0.41846   0.476221   0.541548   0.61536   0.698682   0.79265   0.898521   1.01769   1.15169   1.30224   1.47119   1.66064   1.87286   2.11037   2.37592   2.67256   3.00363   3.37279   3.78406   4.24185   4.75099   5.31676   5.94495   6.64189   7.41449   8.27031   9.21759   10.2653   11.4233   12.7023   14.1138   15.6706   17.3864   19.2762   21.3561   23.6437   26.1582   28.9199   31.9513   35.2763   38.9206   42.912   47.2805   52.0579   57.2784   62.9787   69.1977   75.9772   83.3616   91.3981   100.137   109.632   119.941   131.124   143.246   156.377   170.59   185.966   202.589   220.549   
34.8523   0   0.418466   0.476229   0.541557   0.615372   0.698697   0.792668   0.898544   1.01772   1.15173   1.30228   1.47125   1.66071   1.87295   2.11047   2.37605   2.67272   3.00383   3.37304   3.78437   4.24224   4.75147   5.31735   5.94569   6.64281   7.41563   8.27172   9.21934   10.2675   11.426   12.7056   14.118   15.6758   17.3928   19.2841   21.3659   23.6559   26.1733   28.9387   31.9746   35.305   38.9562   42.956   47.3347   52.1246   57.3604   63.0792   69.3206   76.1269   83.5433   91.6178   100.402   109.949   120.319   131.573   143.777   157.002   171.322   186.818   203.577   221.69   
36.5668   0   0.418472   0.476236   0.541566   0.615383   0.698711   0.792685   0.898565   1.01774   1.15176   1.30232   1.4713   1.66077   1.87302   2.11057   2.37617   2.67287   3.00401   3.37327   3.78465   4.24259   4.7519   5.31789   5.94636   6.64363   7.41666   8.273   9.22092   10.2695   11.4285   12.7087   14.1218   15.6805   17.3986   19.2913   21.3749   23.6671   26.1871   28.9558   31.9957   35.3312   38.9886   42.9961   47.3842   52.1856   57.4354   63.1713   69.4334   76.2646   83.7108   91.821   100.647   110.244   120.672   131.994   144.276   157.59   172.013   187.626   204.517   222.779   
38.3656   0   0.418477   0.476243   0.541574   0.615393   0.698723   0.792701   0.898584   1.01777   1.15179   1.30236   1.47134   1.66083   1.87309   2.11065   2.37628   2.673   3.00418   3.37347   3.78491   4.2429   4.75229   5.31838   5.94696   6.64439   7.41759   8.27416   9.22236   10.2713   11.4307   12.7114   14.1252   15.6847   17.4039   19.2979   21.383   23.6771   26.1996   28.9713   32.015   35.3551   39.0181   43.0326   47.4293   52.2413   57.504   63.2556   69.5368   76.3912   83.8652   92.0086   100.874   110.518   121.001   132.387   144.744   158.144   172.665   188.391   205.409   223.815   
40.2529   0   0.418482   0.476248   0.541581   0.615402   0.698734   0.792714   0.898601   1.01779   1.15182   1.30239   1.47139   1.66088   1.87316   2.11073   2.37637   2.67313   3.00433   3.37366   3.78514   4.24319   4.75265   5.31882   5.94751   6.64507   7.41844   8.27521   9.22367   10.2729   11.4327   12.7139   14.1283   15.6886   17.4087   19.3038   21.3904   23.6863   26.211   28.9854   32.0325   35.3768   39.045   43.0659   47.4704   52.2921   57.5667   63.3328   69.6316   76.5073   84.0072   92.1815   101.084   110.772   121.307   132.753   145.181   158.663   173.279   189.113   206.254   224.8   
42.233   0   0.418486   0.476254   0.541588   0.61541   0.698744   0.792727   0.898617   1.01781   1.15184   1.30242   1.47142   1.66093   1.87321   2.1108   2.37646   2.67324   3.00447   3.37383   3.78535   4.24345   4.75298   5.31923   5.94801   6.64569   7.41921   8.27617   9.22486   10.2744   11.4345   12.7162   14.1311   15.6921   17.4131   19.3092   21.3971   23.6947   26.2213   28.9983   32.0484   35.3965   39.0694   43.0961   47.5079   52.3384   57.6239   63.4033   69.7183   76.6138   84.1375   92.3406   101.278   111.007   121.591   133.094   145.589   159.149   173.856   189.793   207.053   225.733   
44.3105   0   0.41849   0.476259   0.541594   0.615417   0.698754   0.792739   0.898631   1.01782   1.15186   1.30245   1.47146   1.66097   1.87327   2.11087   2.37654   2.67333   3.00459   3.37398   3.78554   4.24369   4.75327   5.31959   5.94847   6.64626   7.41991   8.27704   9.22594   10.2757   11.4362   12.7183   14.1337   15.6953   17.417   19.3142   21.4032   23.7022   26.2307   29.0099   32.0629   35.4144   39.0917   43.1237   47.542   52.3806   57.676   63.4676   69.7976   76.7113   84.2571   92.4869   101.456   111.224   121.853   133.411   145.969   159.603   174.396   190.433   207.807   226.617   
46.4903   0   0.418494   0.476263   0.541599   0.615424   0.698762   0.792749   0.898644   1.01784   1.15188   1.30247   1.47149   1.66101   1.87331   2.11093   2.37662   2.67343   3.0047   3.37412   3.78571   4.2439   4.75354   5.31993   5.94888   6.64677   7.42055   8.27783   9.22693   10.2769   11.4377   12.7202   14.136   15.6982   17.4206   19.3186   21.4088   23.7091   26.2393   29.0205   32.076   35.4308   39.1119   43.1488   47.5731   52.419   57.7236   63.5263   69.87   76.8004   84.3666   92.6211   101.62   111.424   122.096   133.704   146.322   160.027   174.901   191.033   208.516   227.451   
48.7772   0   0.418497   0.476267   0.541604   0.61543   0.69877   0.792758   0.898656   1.01786   1.1519   1.30249   1.47151   1.66104   1.87336   2.11098   2.37668   2.67351   3.00481   3.37425   3.78587   4.2441   4.75378   5.32023   5.94926   6.64724   7.42113   8.27855   9.22782   10.278   11.4391   12.7219   14.1381   15.7008   17.4239   19.3227   21.4138   23.7154   26.247   29.0302   32.088   35.4456   39.1303   43.1716   47.6013   52.454   57.7669   63.5799   69.9361   76.8819   84.4668   92.7442   101.771   111.608   122.319   133.976   146.65   160.421   175.373   191.595   209.182   228.237   
51.1767   0   0.4185   0.476271   0.541609   0.615436   0.698777   0.792767   0.898666   1.01787   1.15192   1.30251   1.47154   1.66107   1.8734   2.11103   2.37674   2.67358   3.0049   3.37436   3.78602   4.24428   4.754   5.3205   5.9496   6.64766   7.42165   8.2792   9.22863   10.279   11.4403   12.7234   14.1401   15.7032   17.4269   19.3264   21.4184   23.721   26.2541   29.0389   32.0988   35.4591   39.147   43.1923   47.627   52.4859   57.8063   63.6286   69.9964   76.9562   84.5584   92.8568   101.909   111.777   122.526   134.226   146.953   160.787   175.812   192.12   209.807   228.976   
53.6942   0   0.418502   0.476274   0.541613   0.615441   0.698783   0.792775   0.898676   1.01788   1.15193   1.30253   1.47156   1.6611   1.87343   2.11107   2.3768   2.67365   3.00498   3.37447   3.78615   4.24444   4.7542   5.32075   5.94991   6.64804   7.42213   8.27979   9.22936   10.2799   11.4415   12.7248   14.1418   15.7054   17.4296   19.3297   21.4225   23.7262   26.2605   29.0469   32.1087   35.4713   39.1622   43.2112   47.6504   52.5149   57.8422   63.6731   70.0513   77.0241   84.6421   92.9599   102.036   111.932   122.715   134.457   147.233   161.126   176.22   192.609   210.39   229.67   
56.3355   0   0.418505   0.476277   0.541616   0.615446   0.698789   0.792782   0.898685   1.01789   1.15194   1.30255   1.47158   1.66113   1.87346   2.11111   2.37685   2.67371   3.00506   3.37456   3.78626   4.24459   4.75438   5.32098   5.95019   6.64839   7.42256   8.28033   9.23003   10.2808   11.4425   12.7261   14.1434   15.7073   17.432   19.3327   21.4263   23.7309   26.2663   29.0541   32.1177   35.4825   39.176   43.2283   47.6717   52.5412   57.8748   63.7135   70.1013   77.086   84.7185   93.054   102.151   112.074   122.889   134.67   147.492   161.439   176.599   193.064   210.935   230.319   
59.1068   0   0.418507   0.47628   0.54162   0.61545   0.698794   0.792788   0.898693   1.0179   1.15196   1.30256   1.4716   1.66115   1.87349   2.11115   2.37689   2.67377   3.00513   3.37465   3.78637   4.24472   4.75455   5.32118   5.95044   6.64871   7.42296   8.28082   9.23064   10.2815   11.4434   12.7273   14.1448   15.7091   17.4342   19.3355   21.4297   23.7352   26.2716   29.0607   32.1258   35.4926   39.1886   43.2439   47.691   52.5652   57.9046   63.7503   70.1469   77.1423   84.7882   93.14   102.257   112.204   123.049   134.865   147.73   161.729   176.949   193.487   211.443   230.925   
62.0144   0   0.418509   0.476282   0.541623   0.615454   0.698798   0.792794   0.8987   1.01791   1.15197   1.30258   1.47162   1.66117   1.87352   2.11118   2.37693   2.67382   3.00519   3.37473   3.78647   4.24484   4.7547   5.32137   5.95068   6.649   7.42331   8.28126   9.23119   10.2822   11.4443   12.7283   14.1462   15.7108   17.4362   19.338   21.4329   23.739   26.2764   29.0666   32.1332   35.5018   39.2   43.258   47.7086   52.587   57.9316   63.7838   70.1884   77.1937   84.8517   93.2184   102.354   112.323   123.195   135.044   147.949   161.996   177.273   193.879   211.915   231.491   
65.065   0   0.418511   0.476284   0.541626   0.615457   0.698803   0.792799   0.898707   1.01792   1.15198   1.30259   1.47164   1.66119   1.87354   2.11121   2.37697   2.67387   3.00525   3.3748   3.78656   4.24495   4.75484   5.32154   5.95089   6.64926   7.42364   8.28167   9.23169   10.2828   11.4451   12.7293   14.1474   15.7122   17.4381   19.3403   21.4357   23.7425   26.2808   29.0721   32.14   35.5101   39.2104   43.2709   47.7245   52.6068   57.9562   63.8143   70.2262   77.2404   84.9095   93.2899   102.442   112.432   123.329   135.209   148.151   162.241   177.572   194.241   212.352   232.017   
68.2657   0   0.418512   0.476286   0.541628   0.61546   0.698807   0.792804   0.898713   1.01793   1.15199   1.3026   1.47165   1.66121   1.87357   2.11124   2.377   2.67391   3.0053   3.37487   3.78664   4.24505   4.75496   5.32169   5.95108   6.6495   7.42393   8.28203   9.23215   10.2834   11.4458   12.7302   14.1484   15.7136   17.4398   19.3424   21.4383   23.7457   26.2847   29.077   32.1461   35.5177   39.2198   43.2826   47.7391   52.6248   57.9785   63.842   70.2605   77.283   84.9622   93.355   102.523   112.531   123.452   135.359   148.335   162.467   177.848   194.576   212.757   232.506   
71.6239   0   0.418514   0.476288   0.54163   0.615463   0.69881   0.792809   0.898718   1.01793   1.152   1.30261   1.47166   1.66123   1.87359   2.11126   2.37704   2.67395   3.00535   3.37492   3.78671   4.24514   4.75507   5.32183   5.95125   6.64971   7.4242   8.28237   9.23256   10.2839   11.4464   12.7309   14.1494   15.7148   17.4413   19.3443   21.4406   23.7486   26.2883   29.0815   32.1516   35.5246   39.2284   43.2932   47.7522   52.6412   57.9988   63.8672   70.2917   77.3217   85.0101   93.4144   102.596   112.622   123.563   135.497   148.504   162.674   178.101   194.884   213.132   232.958   
75.1472   0   0.418515   0.47629   0.541632   0.615465   0.698813   0.792813   0.898723   1.01794   1.152   1.30262   1.47168   1.66124   1.8736   2.11129   2.37706   2.67398   3.00539   3.37498   3.78678   4.24522   4.75518   5.32196   5.95141   6.64991   7.42445   8.28267   9.23294   10.2844   11.447   12.7317   14.1503   15.7159   17.4426   19.346   21.4427   23.7513   26.2916   29.0855   32.1567   35.5309   39.2361   43.3029   47.7642   52.656   58.0173   63.8901   70.3201   77.3569   85.0538   93.4684   102.663   112.705   123.665   135.622   148.659   162.864   178.333   195.168   213.477   233.377   
78.8439   0   0.418516   0.476291   0.541634   0.615468   0.698816   0.792816   0.898727   1.01794   1.15201   1.30263   1.47169   1.66125   1.87362   2.11131   2.37709   2.67401   3.00543   3.37503   3.78684   4.2453   4.75527   5.32208   5.95155   6.65009   7.42467   8.28294   9.23328   10.2848   11.4475   12.7323   14.1511   15.7169   17.4439   19.3475   21.4447   23.7537   26.2946   29.0892   32.1613   35.5366   39.2432   43.3117   47.7751   52.6696   58.034   63.9109   70.346   77.3889   85.0935   93.5176   102.724   112.78   123.758   135.737   148.801   163.038   178.547   195.429   213.796   233.764   
82.7224   0   0.418517   0.476293   0.541636   0.61547   0.698819   0.792819   0.898731   1.01795   1.15202   1.30264   1.4717   1.66126   1.87364   2.11133   2.37711   2.67404   3.00547   3.37507   3.78689   4.24537   4.75535   5.32218   5.95168   6.65025   7.42487   8.28319   9.23359   10.2852   11.448   12.7329   14.1519   15.7178   17.445   19.3489   21.4464   23.7558   26.2973   29.0926   32.1654   35.5417   39.2496   43.3196   47.785   52.6818   58.0493   63.9298   70.3694   77.418   85.1296   93.5624   102.779   112.849   123.843   135.842   148.93   163.197   178.742   195.669   214.088   234.121   
86.7917   0   0.418518   0.476294   0.541638   0.615472   0.698821   0.792822   0.898735   1.01795   1.15202   1.30265   1.4717   1.66128   1.87365   2.11134   2.37713   2.67407   3.0055   3.37511   3.78694   4.24543   4.75543   5.32228   5.9518   6.6504   7.42505   8.28342   9.23387   10.2855   11.4484   12.7335   14.1525   15.7187   17.4461   19.3502   21.448   23.7578   26.2997   29.0956   32.1692   35.5464   39.2554   43.3269   47.794   52.693   58.0631   63.947   70.3908   77.4445   85.1624   93.6031   102.83   112.911   123.921   135.938   149.048   163.343   178.921   195.888   214.357   234.449   
91.0611   0   0.418519   0.476295   0.541639   0.615474   0.698823   0.792825   0.898739   1.01796   1.15203   1.30265   1.47171   1.66129   1.87366   2.11136   2.37715   2.67409   3.00553   3.37515   3.78699   4.24549   4.7555   5.32236   5.95191   6.65053   7.42522   8.28363   9.23412   10.2859   11.4488   12.7339   14.1531   15.7194   17.447   19.3514   21.4494   23.7596   26.302   29.0984   32.1726   35.5507   39.2607   43.3335   47.8022   52.7032   58.0757   63.9626   70.4102   77.4686   85.1923   93.6401   102.876   112.968   123.991   136.025   149.155   163.476   179.085   196.089   214.604   234.751   
95.5406   0   0.41852   0.476296   0.54164   0.615475   0.698825   0.792828   0.898742   1.01796   1.15203   1.30266   1.47172   1.66129   1.87367   2.11137   2.37717   2.67411   3.00556   3.37518   3.78703   4.24554   4.75556   5.32244   5.95201   6.65065   7.42537   8.28381   9.23436   10.2861   11.4492   12.7344   14.1537   15.7201   17.4479   19.3524   21.4508   23.7612   26.304   29.1009   32.1758   35.5546   39.2656   43.3394   47.8096   52.7124   58.0872   63.9768   70.4278   77.4904   85.2194   93.6737   102.917   113.02   124.055   136.104   149.253   163.597   179.234   196.273   214.83   235.027   
100.24   0   0.418521   0.476297   0.541641   0.615477   0.698827   0.79283   0.898744   1.01797   1.15204   1.30266   1.47173   1.6613   1.87368   2.11138   2.37718   2.67413   3.00558   3.37521   3.78707   4.24558   4.75562   5.32251   5.9521   6.65076   7.4255   8.28398   9.23457   10.2864   11.4495   12.7348   14.1542   15.7207   17.4486   19.3534   21.4519   23.7627   26.3058   29.1032   32.1786   35.5581   39.2699   43.3449   47.8163   52.7207   58.0976   63.9897   70.4438   77.5103   85.2441   93.7043   102.955   113.067   124.113   136.176   149.343   163.707   179.37   196.441   215.037   235.281   
105.172   0   0.418521   0.476297   0.541642   0.615478   0.698829   0.792832   0.898747   1.01797   1.15204   1.30267   1.47173   1.66131   1.87369   2.1114   2.3772   2.67415   3.0056   3.37524   3.7871   4.24562   4.75567   5.32258   5.95218   6.65086   7.42563   8.28414   9.23476   10.2866   11.4498   12.7352   14.1546   15.7213   17.4493   19.3543   21.453   23.7641   26.3075   29.1053   32.1812   35.5613   39.2739   43.3498   47.8225   52.7283   58.107   64.0014   70.4583   77.5284   85.2665   93.7321   102.99   113.109   124.166   136.242   149.424   163.808   179.495   196.595   215.226   235.514   
110.345   0   0.418522   0.476298   0.541643   0.615479   0.69883   0.792834   0.898749   1.01797   1.15204   1.30267   1.47174   1.66132   1.8737   2.11141   2.37721   2.67417   3.00562   3.37526   3.78713   4.24566   4.75572   5.32264   5.95225   6.65095   7.42574   8.28428   9.23493   10.2869   11.4501   12.7355   14.1551   15.7218   17.45   19.3551   21.454   23.7653   26.309   29.1071   32.1835   35.5642   39.2775   43.3543   47.828   52.7353   58.1156   64.0121   70.4716   77.5448   85.2868   93.7574   103.021   113.148   124.215   136.302   149.498   163.899   179.608   196.735   215.398   235.726   
115.773   0   0.418522   0.476299   0.541644   0.61548   0.698831   0.792835   0.898751   1.01797   1.15205   1.30268   1.47174   1.66132   1.87371   2.11142   2.37722   2.67418   3.00564   3.37528   3.78716   4.2457   4.75576   5.32269   5.95232   6.65103   7.42584   8.28441   9.23509   10.2871   11.4503   12.7358   14.1554   15.7223   17.4506   19.3558   21.4549   23.7664   26.3104   29.1088   32.1857   35.5668   39.2808   43.3583   47.8331   52.7415   58.1234   64.0218   70.4836   77.5597   85.3053   93.7804   103.05   113.184   124.258   136.356   149.566   163.983   179.711   196.862   215.556   235.92   
121.468   0   0.418522   0.476299   0.541645   0.615481   0.698833   0.792837   0.898753   1.01798   1.15205   1.30268   1.47175   1.66133   1.87371   2.11142   2.37723   2.67419   3.00566   3.37531   3.78718   4.24573   4.7558   5.32274   5.95238   6.65111   7.42594   8.28452   9.23523   10.2872   11.4505   12.7361   14.1558   15.7227   17.4511   19.3564   21.4557   23.7674   26.3117   29.1104   32.1876   35.5692   39.2838   43.362   47.8377   52.7472   58.1305   64.0306   70.4945   77.5733   85.3222   93.8013   103.076   113.216   124.298   136.406   149.627   164.059   179.805   196.979   215.7   236.098   
127.444   0   0.418523   0.4763   0.541645   0.615482   0.698834   0.792838   0.898755   1.01798   1.15205   1.30268   1.47175   1.66133   1.87372   2.11143   2.37724   2.67421   3.00567   3.37532   3.78721   4.24576   4.75584   5.32278   5.95243   6.65118   7.42602   8.28463   9.23537   10.2874   11.4507   12.7363   14.1561   15.7231   17.4516   19.357   21.4565   23.7683   26.3128   29.1118   32.1893   35.5714   39.2865   43.3654   47.8419   52.7524   58.1369   64.0385   70.5044   77.5856   85.3375   93.8203   103.099   113.245   124.335   136.451   149.683   164.128   179.891   197.085   215.831   236.26   
133.713   0   0.418523   0.4763   0.541646   0.615482   0.698835   0.792839   0.898756   1.01798   1.15206   1.30269   1.47175   1.66134   1.87373   2.11144   2.37725   2.67422   3.00568   3.37534   3.78723   4.24578   4.75587   5.32282   5.95248   6.65124   7.4261   8.28472   9.23548   10.2875   11.4509   12.7365   14.1564   15.7234   17.452   19.3576   21.4571   23.7692   26.3138   29.1131   32.1909   35.5734   39.2889   43.3685   47.8456   52.7571   58.1427   64.0458   70.5134   77.5968   85.3513   93.8375   103.121   113.272   124.368   136.491   149.733   164.191   179.969   197.181   215.95   236.407   
140.291   0   0.418523   0.4763   0.541646   0.615483   0.698835   0.79284   0.898757   1.01798   1.15206   1.30269   1.47176   1.66134   1.87373   2.11145   2.37726   2.67423   3.0057   3.37536   3.78725   4.24581   4.7559   5.32286   5.95253   6.6513   7.42617   8.28481   9.23559   10.2877   11.4511   12.7368   14.1566   15.7238   17.4524   19.3581   21.4577   23.7699   26.3148   29.1143   32.1924   35.5752   39.2912   43.3712   47.8491   52.7614   58.148   64.0524   70.5216   77.6069   85.364   93.8532   103.14   113.296   124.397   136.529   149.779   164.248   180.04   197.269   216.059   236.542   
147.192   0   0.418523   0.4763   0.541646   0.615483   0.698836   0.792841   0.898759   1.01798   1.15206   1.30269   1.47176   1.66135   1.87374   2.11145   2.37727   2.67424   3.00571   3.37537   3.78726   4.24583   4.75593   5.32289   5.95257   6.65135   7.42623   8.28489   9.23569   10.2878   11.4512   12.7369   14.1569   15.724   17.4527   19.3585   21.4583   23.7706   26.3156   29.1153   32.1937   35.5768   39.2932   43.3738   47.8522   52.7653   58.1529   64.0584   70.529   77.6161   85.3754   93.8674   103.158   113.318   124.425   136.562   149.821   164.3   180.104   197.349   216.158   236.664   
154.433   0   0.418522   0.4763   0.541646   0.615484   0.698837   0.792842   0.89876   1.01799   1.15206   1.30269   1.47176   1.66135   1.87374   2.11146   2.37727   2.67424   3.00572   3.37538   3.78728   4.24585   4.75595   5.32292   5.9526   6.65139   7.42629   8.28496   9.23578   10.2879   11.4514   12.7371   14.1571   15.7243   17.4531   19.3589   21.4588   23.7712   26.3164   29.1163   32.1949   35.5783   39.295   43.376   47.8551   52.7688   58.1572   64.0638   70.5358   77.6245   85.3858   93.8803   103.174   113.338   124.449   136.593   149.859   164.347   180.163   197.421   216.248   236.776   
162.029   0   0.418522   0.4763   0.541646   0.615484   0.698837   0.792843   0.898761   1.01799   1.15206   1.3027   1.47177   1.66135   1.87374   2.11146   2.37728   2.67425   3.00573   3.37539   3.78729   4.24587   4.75597   5.32295   5.95264   6.65144   7.42634   8.28502   9.23586   10.288   11.4515   12.7373   14.1573   15.7245   17.4534   19.3593   21.4593   23.7718   26.3171   29.1172   32.196   35.5797   39.2967   43.3781   47.8576   52.772   58.1612   64.0688   70.5419   77.6322   85.3953   93.8921   103.188   113.356   124.472   136.621   149.894   164.39   180.216   197.488   216.33   236.877   
170   0   0.418521   0.4763   0.541646   0.615484   0.698837   0.792843   0.898761   1.01799   1.15206   1.3027   1.47177   1.66136   1.87375   2.11147   2.37729   2.67426   3.00574   3.3754   3.78731   4.24588   4.75599   5.32298   5.95267   6.65147   7.42639   8.28508   9.23593   10.2881   11.4516   12.7374   14.1574   15.7248   17.4536   19.3596   21.4597   23.7723   26.3177   29.118   32.197   35.5809   39.2982   43.38   47.86   52.7749   58.1648   64.0733   70.5475   77.6391   85.4039   93.9027   103.202   113.372   124.492   136.646   149.926   164.429   180.265   197.548   216.404   236.969   
