z   Li_{-1/2}   Li_{1/2}   Li_{3/2}   Li_{5/2}   Li_{7/2}
-50.0   -1.9287498479639178e-22   -1.9287498479639178e-22   -1.9287498479639178e-22   -1.9287498479639178e-22   -1.9287498479639178e-22
-49.49748743718593   -3.1879708227767933e-22   -3.1879708227767933e-22   -3.1879708227767933e-22   -3.1879708227767933e-22   -3.1879708227767933e-22
-48.99497487437186   -5.26929812987665e-22   -5.26929812987665e-22   -5.26929812987665e-22   -5.26929812987665e-22   -5.26929812987665e-22
-48.49246231155779   -8.70945950419251e-22   -8.70945950419251e-22   -8.70945950419251e-22   -8.70945950419251e-22   -8.70945950419251e-22
-47.98994974874372   -1.439559557753556e-21   -1.439559557753556e-21   -1.439559557753556e-21   -1.439559557753556e-21   -1.439559557753556e-21
-47.48743718592965   -2.3794033594415893e-21   -2.3794033594415893e-21   -2.3794033594415893e-21   -2.3794033594415893e-21   -2.3794033594415893e-21
-46.984924623115575   -3.93284203937826e-21   -3.93284203937826e-21   -3.93284203937826e-21   -3.93284203937826e-21   -3.93284203937826e-21
-46.482412060301506   -6.5004726690521176e-21   -6.5004726690521176e-21   -6.5004726690521176e-21   -6.5004726690521176e-21   -6.5004726690521176e-21
-45.97989949748744   -1.074442972740746e-20   -1.074442972740746e-20   -1.074442972740746e-20   -1.074442972740746e-20   -1.074442972740746e-20
-45.47738693467337   -1.7759134765200194e-20   -1.7759134765200194e-20   -1.7759134765200194e-20   -1.7759134765200194e-20   -1.7759134765200194e-20
-44.9748743718593   -2.9353523231115434e-20   -2.9353523231115434e-20   -2.9353523231115434e-20   -2.9353523231115434e-20   -2.9353523231115434e-20
-44.472361809045225   -4.851752844220992e-20   -4.851752844220992e-20   -4.851752844220992e-20   -4.851752844220992e-20   -4.851752844220992e-20
-43.969849246231156   -8.019311847531095e-20   -8.019311847531095e-20   -8.019311847531095e-20   -8.019311847531095e-20   -8.019311847531095e-20
-43.46733668341709   -1.3254871913880071e-19   -1.3254871913880071e-19   -1.3254871913880071e-19   -1.3254871913880071e-19   -1.3254871913880071e-19
-42.96482412060301   -2.1908566818917034e-19   -2.1908566818917034e-19   -2.1908566818917034e-19   -2.1908566818917034e-19   -2.1908566818917034e-19
-42.462311557788944   -3.6211990819490608e-19   -3.6211990819490608e-19   -3.6211990819490608e-19   -3.6211990819490608e-19   -3.6211990819490608e-19
-41.959798994974875   -5.985367687212739e-19   -5.985367687212739e-19   -5.985367687212739e-19   -5.985367687212739e-19   -5.985367687212739e-19
-41.45728643216081   -9.893028673764121e-19   -9.893028673764121e-19   -9.893028673764121e-19   -9.893028673764121e-19   -9.893028673764121e-19
-40.95477386934674   -1.6351880361337675e-18   -1.6351880361337675e-18   -1.6351880361337675e-18   -1.6351880361337675e-18   -1.6351880361337675e-18
-40.45226130653266   -2.7027516058918667e-18   -2.7027516058918667e-18   -2.7027516058918667e-18   -2.7027516058918667e-18   -2.7027516058918667e-18
-39.949748743718594   -4.4672943305178595e-18   -4.4672943305178595e-18   -4.4672943305178595e-18   -4.4672943305178595e-18   -4.4672943305178595e-18
-39.447236180904525   -7.383852290374128e-18   -7.383852290374128e-18   -7.383852290374128e-18   -7.383852290374128e-18   -7.383852290374128e-18
-38.94472361809045   -1.2204540514290092e-17   -1.2204540514290092e-17   -1.2204540514290092e-17   -1.2204540514290092e-17   -1.2204540514290092e-17
-38.44221105527638   -2.017250661407801e-17   -2.017250661407801e-17   -2.017250661407801e-17   -2.017250661407801e-17   -2.017250661407801e-17
-37.93969849246231   -3.3342510733489194e-17   -3.3342510733489194e-17   -3.3342510733489194e-17   -3.3342510733489194e-17   -3.3342510733489194e-17
-37.437185929648244   -5.5110802206255896e-17   -5.51108022062559e-17   -5.51108022062559e-17   -5.51108022062559e-17   -5.51108022062559e-17
-36.934673366834176   -9.109093625533419e-17   -9.10909362553342e-17   -9.10909362553342e-17   -9.10909362553342e-17   -9.10909362553342e-17
-36.4321608040201   -1.5056138426037133e-16   -1.5056138426037133e-16   -1.5056138426037136e-16   -1.5056138426037136e-16   -1.5056138426037136e-16
-35.92964824120603   -2.488582438856157e-16   -2.4885824388561573e-16   -2.488582438856158e-16   -2.488582438856158e-16   -2.488582438856158e-16
-35.42713567839196   -4.1133007546433034e-16   -4.113300754643305e-16   -4.1133007546433054e-16   -4.1133007546433054e-16   -4.113300754643306e-16
-34.92462311557789   -6.798747284388131e-16   -6.798747284388135e-16   -6.798747284388136e-16   -6.798747284388137e-16   -6.798747284388138e-16
-34.42211055276382   -1.1237438591086685e-15   -1.1237438591086693e-15   -1.1237438591086699e-15   -1.12374385910867e-15   -1.12374385910867e-15
-33.91959798994975   -1.8574013830227126e-15   -1.857401383022715e-15   -1.857401383022716e-15   -1.8574013830227165e-15   -1.857401383022717e-15
-33.41708542713568   -3.070041157235873e-15   -3.0700411572358798e-15   -3.0700411572358833e-15   -3.070041157235885e-15   -3.0700411572358857e-15
-32.91457286432161   -5.074375842115391e-15   -5.074375842115409e-15   -5.0743758421154175e-15   -5.074375842115422e-15   -5.0743758421154246e-15
-32.41206030150754   -8.387278498320823e-15   -8.387278498320872e-15   -8.387278498320897e-15   -8.38727849832091e-15   -8.387278498320916e-15
-31.90954773869347   -1.3863072582157864e-14   -1.3863072582158e-14   -1.3863072582158067e-14   -1.38630725821581e-14   -1.3863072582158118e-14
-31.4070351758794   -2.2913842846240593e-14   -2.2913842846240962e-14   -2.2913842846241148e-14   -2.2913842846241243e-14   -2.2913842846241287e-14
-30.90452261306533   -3.787358039645224e-14   -3.787358039645325e-14   -3.787358039645376e-14   -3.787358039645401e-14   -3.787358039645414e-14
-30.402010050251256   -6.260006676627141e-14   -6.260006676627417e-14   -6.260006676627556e-14   -6.260006676627625e-14   -6.260006676627661e-14
-29.899497487437188   -1.0346970944179919e-13   -1.0346970944180676e-13   -1.0346970944181054e-13   -1.0346970944181244e-13   -1.0346970944181338e-13
-29.39698492462312   -1.710218746561828e-13   -1.710218746562035e-13   -1.7102187465621382e-13   -1.71021874656219e-13   -1.710218746562216e-13
-28.894472361809047   -2.826767540829464e-13   -2.826767540830029e-13   -2.826767540830311e-13   -2.8267675408304525e-13   -2.826767540830523e-13
-28.391959798994975   -4.67227642425878e-13   -4.672276424260323e-13   -4.672276424261095e-13   -4.672276424261481e-13   -4.672276424261674e-13
-27.889447236180906   -7.722660837641762e-13   -7.722660837645979e-13   -7.722660837648088e-13   -7.722660837649142e-13   -7.722660837649669e-13
-27.386934673366838   -1.2764546657294641e-12   -1.2764546657306162e-12   -1.2764546657311924e-12   -1.2764546657314804e-12   -1.2764546657316244e-12
-26.884422110552766   -2.1098123404825185e-12   -2.109812340485666e-12   -2.10981234048724e-12   -2.109812340488027e-12   -2.10981234048842e-12
-26.381909547738694   -3.4872434028082607e-12   -3.4872434028168597e-12   -3.487243402821159e-12   -3.4872434028233087e-12   -3.487243402824384e-12
-25.879396984924625   -5.763956498440526e-12   -5.7639564984640185e-12   -5.763956498475765e-12   -5.763956498481637e-12   -5.7639564984845744e-12
-25.376884422110557   -9.527064984649609e-12   -9.52706498471379e-12   -9.52706498474588e-12   -9.527064984761926e-12   -9.527064984769948e-12
-24.874371859296485   -1.5746990326172423e-11   -1.5746990326347762e-11   -1.5746990326435434e-11   -1.5746990326479268e-11   -1.5746990326501185e-11
-24.371859296482413   -2.602771207404162e-11   -2.602771207452064e-11   -2.6027712074760154e-11   -2.6027712074879908e-11   -2.6027712074939788e-11
-23.869346733668344   -4.302039829648153e-11   -4.3020398297790204e-11   -4.302039829844455e-11   -4.302039829877172e-11   -4.30203982989353e-11
-23.366834170854275   -7.110708249322837e-11   -7.110708249680366e-11   -7.11070824985913e-11   -7.110708249948513e-11   -7.110708249993204e-11
-22.864321608040203   -1.1753069196900512e-10   -1.1753069197877273e-10   -1.175306919836565e-10   -1.1753069198609842e-10   -1.1753069198731937e-10
-22.36180904522613   -1.9426283669332882e-10   -1.9426283672001367e-10   -1.9426283673335607e-10   -1.9426283674002728e-10   -1.9426283674336288e-10
-21.859296482412063   -3.210910195901627e-10   -3.21091019663065e-10   -3.2109101969951617e-10   -3.2109101971774175e-10   -3.2109101972685454e-10
-21.356783919597994   -5.307213906905635e-10   -5.307213908897308e-10   -5.307213909893145e-10   -5.307213910391063e-10   -5.307213910640022e-10
-20.854271356783922   -8.7721293121659e-10   -8.772129317607104e-10   -8.772129320327706e-10   -8.772129321688007e-10   -8.772129322368158e-10
-20.35175879396985   -1.4499180548313052e-09   -1.4499180563178292e-09   -1.4499180570610913e-09   -1.4499180574327223e-09   -1.4499180576185376e-09
-19.84924623115578   -2.3965245948877816e-09   -2.396524598948929e-09   -2.396524600979503e-09   -2.39652460199479e-09   -2.3965246025024332e-09
-19.346733668341713   -3.961141189838214e-09   -3.961141200933172e-09   -3.961141206480651e-09   -3.96114120925439e-09   -3.961141210641259e-09
-18.84422110552764   -6.547247433486452e-09   -6.547247463797609e-09   -6.547247478953188e-09   -6.547247486530977e-09   -6.547247490319871e-09
-18.34170854271357   -1.0821742219870663e-08   -1.0821742302680014e-08   -1.0821742344084688e-08   -1.0821742364787027e-08   -1.0821742375138195e-08
-17.8391959798995   -1.7886922008197156e-08   -1.7886922234430306e-08   -1.788692234754688e-08   -1.7886922404105167e-08   -1.788692243238431e-08
-17.336683417085432   -2.9564738314759914e-08   -2.956473893282341e-08   -2.9564739241855167e-08   -2.9564739396371046e-08   -2.9564739473628984e-08
-16.834170854271363   -4.8866637971325043e-08   -4.886663965985959e-08   -4.886664050412688e-08   -4.886664092626053e-08   -4.886664113732736e-08
-16.331658291457288   -8.077014714762054e-08   -8.077015176065599e-08   -8.077015406717382e-08   -8.077015522043276e-08   -8.077015579706225e-08
-15.82914572864322   -1.335024619845615e-07   -1.3350247458726216e-07   -1.3350248088861297e-07   -1.335024840392885e-07   -1.3350248561462634e-07
-15.32663316582915   -2.2066205296879605e-07   -2.2066208739906583e-07   -2.2066210461420278e-07   -2.2066211322177195e-07   -2.2066211752555675e-07
-14.824120603015075   -3.647253914134561e-07   -3.6472548547610175e-07   -3.647255325074339e-07   -3.6472555602310307e-07   -3.647255677809387e-07
-14.321608040201006   -6.028430881429786e-07   -6.02843345119761e-07   -6.028434736081943e-07   -6.02843537852425e-07   -6.028435699745451e-07
-13.819095477386938   -9.964200946207313e-07   -9.9642079667466e-07   -9.96421147701815e-07   -9.964213232154556e-07   -9.964214109722973e-07
-13.31658291457287   -1.6469503651960825e-06   -1.6469522831884692e-06   -1.646953242185522e-06   -1.6469537216843353e-06   -1.6469539614338374e-06
-12.8140703517588   -2.7221890554810353e-06   -2.7221942953808393e-06   -2.7221969153346236e-06   -2.72219822531281e-06   -2.722198880302334e-06
-12.311557788944725   -4.499410579510841e-06   -4.499424894749355e-06   -4.499432052386142e-06   -4.499435631210379e-06   -4.499437420624446e-06
-11.809045226130657   -7.436905347448548e-06   -7.436944456147775e-06   -7.436964010576549e-06   -7.436973787817322e-06   -7.436978676446504e-06
-11.306532663316588   -1.2292145863495883e-05   -1.229225270667309e-05   -1.2292306128619143e-05   -1.229233283971132e-05   -1.2292346195297126e-05
-10.804020100502512   -2.0317076193732075e-05   -2.0317368082893594e-05   -2.031751402908842e-05   -2.0317587002723863e-05   -2.031762348972093e-05
-10.301507537688444   -3.358083537077329e-05   -3.358163278765948e-05   -3.358203150339087e-05   -3.3582230863686036e-05   -3.358233054464345e-05
-9.798994974874375   -5.5503000707200886e-05   -5.550517915293433e-05   -5.550626840871067e-05   -5.5506813047569e-05   -5.550708537065497e-05
-9.296482412060307   -9.173448786740694e-05   -9.174043897652123e-05   -9.174341467967449e-05   -9.174490258078537e-05   -9.174564654785278e-05
-8.793969849246238   -0.00015161224890463475   -0.00015162850560138238   -0.00015163663462067824   -0.00015164069935398337   -0.00015164273179519246
-8.291457286432163   -0.0002505601086423065   -0.00025060451436787243   -0.0002506267202596855   -0.000250637824215392   -0.00025064337652987606
-7.788944723618094   -0.00041404723670662193   -0.00041416851967562477   -0.00041422917483365006   -0.0004142595069714237   -0.0004142746745601275
-7.286432160804026   -0.0006841042605531844   -0.0006844354564636547   -0.0006846011161305138   -0.0006846839665413451   -0.0006847253986076102
-6.78391959798995   -0.0011300207200732656   -0.0011309248795787373   -0.0011313772377539312   -0.0011316035097001646   -0.0011317166766389543
-6.2814070351758815   -0.0018658284045529553   -0.0018682955719822349   -0.0018695304111343708   -0.0018701482495707311   -0.0018704573085043719
-5.778894472361813   -0.0030786612902055366   -0.003085388134359455   -0.0030887572120425226   -0.0030904436389227797   -0.003091287482419324
-5.276381909547744   -0.00507417797920637   -0.005092495309386431   -0.00510167941303285   -0.005106279965449722   -0.005108583080470405
-4.773869346733676   -0.008347742347148064   -0.008397514680523483   -0.008422514977633971   -0.00843505332576967   -0.008441335272208084
-4.2713567839196   -0.013691750108107302   -0.013826520756591397   -0.013894415994634451   -0.013928534735572247   -0.013945651436172631
-3.7688442211055317   -0.022346210773272465   -0.022709055351266685   -0.022892740335043925   -0.02298534547202883   -0.023031904380981058
-3.266331658291463   -0.03618032598655547   -0.037148198156411634   -0.03764206395689059   -0.03789236748338875   -0.03801865823068778
-2.7638190954773876   -0.05783310760280789   -0.06037673485944494   -0.06169135454860247   -0.06236336220104133   -0.06270437560787959
-2.261306532663319   -0.09060416635099446   -0.0971341337466507   -0.10057852761011402   -0.10236346145429903   -0.10327760784540953
-1.7587939698492505   -0.13766821556566325   -0.15384118373776995   -0.16264777183663562   -0.1673101533647688   -0.16973282466781772
-1.256281407035182   -0.2000922530067402   -0.23809613758177586   -0.2598095537600697   -0.27168478663962053   -0.27799399866206626
-0.7537688442211135   -0.27381596526607493   -0.35687427708231667   -0.40774424080859994   -0.43691364162354795   -0.4529273328656041
-0.2512562814070378   -0.34778728728588354   -0.5133562836787128   -0.6248329078545611   -0.6930609852709131   -0.7322788919050832
0.2512562814070307   -0.40692204979232677   -0.7039015606673423   -0.929427973401831   -1.0795652226798769   -1.1712579568989028
0.7537688442210992   -0.4399294403178828   -0.9178858509586033   -1.3362172192410098   -1.644314789714653   -1.847092682153913
1.2562814070351749   -0.44531769368311047   -1.1413651374287732   -1.8535062677684273   -2.4410456746230995   -2.8626801842322447
1.7587939698492434   -0.4300131426896205   -1.3619623317361256   -2.4828085845451873   -3.5259271425947576   -4.348675649548324
2.261306532663312   -0.4035211917464715   -1.5716781502925563   -3.2204643717074033   -4.954496001529647   -6.463910203460633
2.7638190954773805   -0.3734732674578942   -1.7669342101530707   -4.059945556381309   -6.779635779143078   -9.39451644598046
3.266331658291449   -0.34438685022846716   -1.9472032781047666   -4.993758672877209   -9.050642805592684   -13.352320343597318
3.7688442211055246   -0.31828899149425055   -2.1135603076825173   -6.01460037671196   -11.813062083094781   -18.572973121392785
4.271356783919593   -0.2957241180038279   -2.267687277894572   -7.115891114482657   -15.108937839505499   -25.314117987102993
4.773869346733662   -0.2765199796988484   -2.4113347736755273   -8.29192875017183   -18.97722711209543   -33.85373169865768
5.276381909547737   -0.2602341520022704   -2.546085830646125   -9.537854347444556   -23.45423698317115   -44.48868382968793
5.778894472361806   -0.2463745561043841   -2.6732827602402214   -10.849544983236093   -28.574022876893043   -57.53350748330959
6.281407035175874   -0.23449201249086535   -2.7940291956898   -12.223491369541373   -34.36872760813287   -73.31935557707077
6.783919597989943   -0.22420930917015872   -2.9092206907417886   -13.656685003039033   -40.868860736253566   -92.19311229938761
7.2864321608040115   -0.21522225998821887   -3.019581855725378   -15.14652291678963   -48.103525499553264   -114.51663140122896
7.788944723618087   -0.2072903275897501   -3.125700917538592   -16.690730662378982   -56.10060252300133   -140.66607727969594
8.291457286432156   -0.2002247845119362   -3.2280587409037453   -18.287301317475556   -64.88689896744367   -171.03134935656178
8.793969849246224   -0.19387764454183698   -3.32705201778428   -19.934447594717106   -74.48827044417094   -206.01557428766932
9.2964824120603   -0.18813240708887988   -3.4230113324301277   -21.63056427758444   -84.92972156622734   -246.03465385112352
9.798994974874368   -0.18289672410029542   -3.516215063937973   -23.37419864777046   -96.2354897187556   -291.5168589794601
10.301507537688437   -0.17809675299614178   -3.6069000404063774   -25.16402704707386   -108.42911557836504   -342.90246242913855
10.804020100502505   -0.17367287183174104   -3.6952697112895905   -26.998836140913763   -121.53350308803454   -400.64340413871764
11.306532663316574   -0.16957644950317777   -3.7815004435636936   -28.877507794968214   -135.57097096394813   -465.20298452158266
11.80904522613065   -0.16576741437404066   -3.865746405057204   -30.799006743949693   -150.5632973338838   -537.0555818570793
12.311557788944718   -0.16221241967446395   -3.9481433832905592   -32.76237043431448   -166.53175874758978   -616.686390653227
12.814070351758787   -0.15888345241972546   -4.028811799370799   -34.76670057442015   -183.49716452891946   -704.5911784063418
13.316582914572862   -0.15575677155633683   -4.107859109665897   -36.81115603846107   -201.47988723482342   -801.2760586163959
13.81909547738693   -0.15281209097652254   -4.185381738421219   -38.89494685427655   -220.4998898306673   -907.2572782605705
14.321608040201   -0.15003194543485132   -4.261466647996066   -41.017329067430005   -240.5767500721352   -1023.0610182024732
14.824120603015075   -0.14740119389530631   -4.336192626618357   -43.177600320488295   -261.7296824919019   -1149.2232052367026
15.326633165829136   -0.14490662688254666   -4.409631353891607   -45.37509602138726   -283.97755831752016   -1286.2893346498042
15.829145728643212   -0.14253665317213937   -4.4818482898094585   -47.60918600121615   -307.3389235905489   -1434.8143023280031
16.331658291457273   -0.1402810475217351   -4.55290342232302   -49.879271581919895   -331.8320157121347   -1595.3622455659909
16.83417085427135   -0.13813074578014908   -4.622851900537164   -52.184782989931996   -357.4747786044099   -1768.5063918350784
17.336683417085425   -0.13607767709706123   -4.691744574640821   -54.525177063782124   -384.2848766480225   -1954.8289148563902
17.839195979899486   -0.13411462544134853   -4.759628459168195   -56.899935213146314   -412.2797075325049   -2154.9207973994407
18.34170854271356   -0.13223511447131303   -4.826547132756333   -59.30856159424522   -441.4764141367356   -2369.3817002899427
18.844221105527637   -0.13043331116451579   -4.892541084930674   -61.75058147242096   -471.89189554065103   -2598.819837165428
19.3467336683417   -0.12870394463685422   -4.957648018411513   -64.22553974748367   -503.5428172559714   -2843.8518545647908
19.849246231155774   -0.12704223735188483   -5.021903113842873   -66.73299962126869   -536.4456207524174   -3105.1027169789004
20.35175879396985   -0.12544384650829243   -5.085339262592813   -69.2725413899865   -570.6165323463753   -3383.205596525384
20.85427135678391   -0.12390481384357124   -5.14798727228066   -71.84376134652877   -606.0715715109113   -3678.8017669424257
21.356783919597987   -0.12242152244004904   -5.209876048892377   -74.44627078002483   -642.8265586591099   -3992.5405016240916
21.85929648241205   -0.12099065939063303   -5.271032758705671   -77.07969506171658   -680.8971224467773   -4325.07897544421
22.361809045226124   -0.1196091833946595   -5.331482972728031   -79.74367280770632   -720.2987066354857   -4677.082170138001
22.8643216080402   -0.11827429652273905   -5.391250795927561   -82.43785511037696   -761.0465765524448   -5049.222783029586
23.36683417085426   -0.11698341952373327   -5.45035898318911   -85.16190483134318   -803.1558251799029   -5442.181138911388
23.869346733668337   -0.11573417015467559   -5.508829043641161   -87.91549594968647   -846.6413789033821   -5856.645104896651
24.3718592964824   -0.11452434410136211   -5.566681334760656   -90.69831295999221   -891.5180029451105   -6293.310008080258
24.874371859296474   -0.1133518981279176   -5.623935147464088   -93.51005031536505   -937.8003065064681   -6752.878555856039
25.37688442211055   -0.11221493515128825   -5.680608783226353   -96.35041191115893   -985.5027476409206   -7236.0607587494715
25.87939698492461   -0.11111169098394359   -5.736719624128364   -99.21911060564926   -1034.6396378769643   -7743.573855635611
26.381909547738687   -0.11004052252713631   -5.792284196615577   -102.11586777429432   -1085.225146608775   -8276.142241221061
26.884422110552762   -0.10899989722946328   -5.847318229648526   -105.04041289459957   -1137.2733052706615   -8834.4973956772
27.386934673366824   -0.10798838365245803   -5.901836707840451   -107.99248315892146   -1190.7980113100475   -9419.377816320026
27.8894472361809   -0.10700464300752312   -5.955853920103315   -110.97182311282438   -1245.8130319723969   -10031.52895123873
28.391959798994975   -0.10604742154747857   -6.009383504260291   -113.97818431685081   -1302.3320079103626   -10671.703134781399
28.894472361809036   -0.10511554371199579   -6.06243848802824   -117.01132502978264   -1360.3684566284612   -11340.659524812758
29.396984924623112   -0.10420790593972526   -6.115031326726599   -120.07100991165998   -1419.9357757736161   -12039.164041663753
29.899497487437174   -0.10332347107142525   -6.167173938028212   -123.15700974499295   -1481.0472462810787   -12767.98930869777
30.40201005025125   -0.1024612632781966   -6.218877734032194   -126.2691011727533   -1543.7160353845554   -13527.914594423544
30.904522613065325   -0.10162036345730789   -6.270153650907893   -129.4070664518618   -1607.9551994985889   -14319.72575608796
31.407035175879386   -0.1007999050452778   -6.321012176332001   -132.57069322100966   -1673.7776869807296   -15144.215184686991
31.909547738693462   -0.09999907020406079   -6.371463374917184   -135.75977428175491   -1741.1963407804128   -16002.181751335926
32.41206030150752   -0.09921708634151066   -6.421516911809703   -138.97410739192907   -1810.2239009809464   -16894.43075494334
32.9145728643216   -0.09845322293190388   -6.471182074615298   -142.2134950704769   -1880.8730072406192   -17821.773871137222
33.417085427135675   -0.09770678860630072   -6.520467793796296   -145.47774441292304   -1953.1562011384126   -18785.029102393215
33.919597989949736   -0.09697712848599323   -6.569382661668751   -148.76666691673245   -2027.0859284295161   -19785.020729319
34.42211055276381   -0.0962636217353154   -6.617934950115642   -152.08007831588998   -2102.674541215428   -20822.57926305045
34.92462311557789   -0.09556567931273209   -6.666132627120981   -155.41779842407982   -2179.9343000330978   -21898.54139871753
35.42713567839195   -0.0948827419014351   -6.713983372219661   -158.77965098589812   -2258.8773758673224   -23013.749969940774
35.929648241206024   -0.09421427800270299   -6.761494590948965   -162.16546353557516   -2339.5158520902874   -24169.053904320623
36.4321608040201   -0.09355978217706357   -6.808673428379679   -165.57506726272425   -2421.8617263318733   -25365.30817988352
36.93467336683416   -0.09291877341986662   -6.855526781797681   -169.00829688467488   -2505.9269122841947   -26603.373782451534
37.43718592964824   -0.0922907936592607   -6.902061312600468   -172.46499052497865   -2591.7232414435543   -27884.1176639029
37.9396984924623   -0.09167540636579095   -6.948283457467353   -175.94498959770755   -2679.2624647927883   -29208.41270129249
38.442211055276374   -0.09107219526391992   -6.994199438856983   -179.44813869719573   -2768.5562544268905   -30577.137656803832
38.94472361809045   -0.09048076313673527   -7.039815274881127   -182.97428549289623   -2859.6162051244896   -31991.177138503775
39.44723618090451   -0.0899007307159628   -7.085136788599565   -186.52328062905312   -2952.4538358677414   -33451.42156187416
39.94974874371859   -0.08933173565016518   -7.130169616777127   -190.0949776289078   -3047.0805913129507   -34958.76711209477
40.45226130653265   -0.08877343154468469   -7.174919218140513   -193.68923280317736   -3143.5078432141186   -36514.11570705298
40.954773869346724   -0.08822548706749468   -7.219390881169474   -197.30590516256552   -3241.7468918015575   -38118.37496105798
41.4572864321608   -0.08768758511566681   -7.263589731454107   -200.94485633407675   -3341.808967117469   -39772.458149236285
41.95979899497486   -0.08715942203764608   -7.307520738647502   -204.60595048092574   -3443.7052303104056   -41477.28417258833
42.46231155778894   -0.08664070690696203   -7.35118872304068   -208.2890542258447   -3547.44677489035   -43233.77752368574
42.96482412060301   -0.08613116084339525   -7.3945983617846345   -211.99403657760396   -3653.0446279460416   -45042.86825298911
43.467336683417074   -0.08563051637797063   -7.437754194782406   -215.72076886057656   -3760.5097513261803   -46905.49193576898
43.96984924623115   -0.08513851685846552   -7.4806606302723875   -219.46912464718483   -3869.8530427859623   -48822.58963961153
44.472361809045225   -0.0846549158924076   -7.523321950122405   -223.23897969307885   -3981.0853371003373   -50795.10789249156
44.974874371859286   -0.08417947682479461   -7.565742314852749   -227.0302118749067   -4094.2174071453765   -52823.998651397254
45.47738693467336   -0.0837119722480022   -7.607925768404949   -230.8427011305449   -4209.259964948991   -54910.21927149069
45.97989949748742   -0.08325218354155761   -7.649876242671841   -234.67632940166297   -4326.223662712177   -57054.73247578828
46.4824120603015   -0.08279990043964776   -7.691597561803449   -238.53098057850966   -4445.119093802011   -59258.50632534806
46.984924623115575   -0.08235492062440511   -7.733093446302071   -242.40654044680744   -4565.956793717379   -61522.51418994831
47.487437185929636   -0.08191704934317176   -7.774367516919087   -246.30289663665562   -4688.747241028569   -63847.73471924538
47.98994974874371   -0.08148609904808625   -7.815423298365122   -250.2199385733445   -4813.500858291669   -66235.15181439732
48.49246231155777   -0.08106188905646824   -7.856264222844362   -254.157557429988   -4940.228012938667   -68685.75460014024
48.99497487437185   -0.08064424523059527   -7.896893633423166   -258.1156460818921   -5068.939018144251   -71200.53739730701
49.497487437185924   -0.08023299967557443   -7.937314787242336   -262.0940990625745   -5199.644133670039   -73780.49969577491
50.0   -0.07982799045411113   -7.97753085858187   -266.0928125213626   -5332.353566687146   -76426.64612783266
